1711 total distances; order of display is:
Walt Whitman (1653) whitman = data(1:1653);
Walt Whitman (atypical) (0) (atypical) = data(1654:1653);
Inter-poet distances (58) (1654:1711);
0.008903504966846778
0.007457957118229985
0.014670569084841748
0.02714450620978073
0.018542503410834386
0.03308064607357456
0.0022731483033161443
0.010359251935905341
0.005366659077427848
0.028841169017451995
0.021412548431996768
0.027536821436639287
0.024623873618275123
0.04106687528672734
0.02204489756260518
0.032479376294805684
0.02383190881802829
0.038301644469092455
0.007614184558055731
0.03401837245642498
0.045606131826807866
0.02365726091737695
0.015425072921885614
0.02995875079123282
0.006743641020611642
0.02532239480459488
0.03645367560424675
0.009314749455483188
0.022777994630343964
0.01499097396427185
0.025653472287721198
0.015469162730142793
0.023380695322415424
0.04241232010315572
0.01848060962083823
0.015803257014976178
0.02298334027567368
0.015098647710332737
0.02596549784212311
0.015081183024559554
0.023619751652443007
0.04249720893614022
0.01802890996304162
0.015466427201211351
4.628944941699454E-4
0.028530638732427914
0.01969652967207233
0.033121548168115966
0.008893949539543654
0.029685374160700998
0.045244421002132953
0.009052374755039028
0.010855576328088985
0.009919167732213153
0.00945627323804321
0.016512698463455513
0.021521437113003767
0.009550381099275725
0.03865511563700194
0.014551255606180116
0.03329246232604436
0.04372800468213693
0.03639534725449322
0.02800743068490966
0.028416545325107585
0.03705224676850602
0.041392356947270253
0.03275494799161474
0.047222905768473274
0.015442915484432353
0.04294861069705429
0.05357389938010285
0.008933658911822821
0.01797780267131912
0.02603781529705952
0.02557492080288958
0.01611864756484637
0.05242899184983946
0.021704315997396972
0.01457225976629639
0.02858085166320931
0.01053675712393074
0.023547684055068574
0.0321711341731877
0.013473404912453319
0.00489100672051558
0.019204451441465292
0.018938132321616025
0.015650423582937577
0.03598673632072264
0.021525169722643615
0.01715480265074679
0.009013761558117476
0.020977470272873673
0.014389127189273555
0.018065898901554037
0.03651517142820039
0.019198788783044027
0.01361325530336695
0.006238433123825078
0.006326866402348559
0.012511100513321029
0.024911804523875408
0.027700858922315268
0.015697396316280015
0.0131500429131867
0.009102443597259055
0.020513387856803317
0.017828396598280588
0.015201570266331874
0.023445995130525674
0.022560433034879583
0.013286435458957491
0.021233613801717604
0.02116834027034175
0.022030803812013326
0.029007532733179436
0.031001562415627505
0.009694146453934611
0.015665609690367344
0.011661279639141034
0.006331237890005937
0.01869709759807807
0.017334524122399844
0.013527254272817143
0.024965197988729305
0.02197457919092947
0.012722369992452354
0.018539732552095282
0.018507486979415334
0.020295843989813916
0.02675073140133266
0.03069918568372222
0.010101139283137842
0.012991102124870577
0.0032570694266979925
0.010775358205706605
0.00488820667709003
0.014204683592153372
0.019894242587050005
0.011338254398403944
0.03119453038250364
0.02470776489458753
0.017373778430088183
0.012058341619985612
0.012286375645543824
0.018925143225835613
0.019116447414624458
0.03351993824469542
0.017691987944625055
0.006990841561235938
0.013771590316363215
0.010737294151386937
0.025793130846666918
0.017175116634515843
0.02979227824633416
0.011080488175381759
0.026755586505698512
0.043796853006841684
0.012946608267131537
0.012229657145189672
0.0057283193653530975
0.005265424871183152
0.004190848366860057
0.033169883291087686
0.020309495931706428
0.016530774668298758
0.009101157463579602
0.02113711877250163
0.018949945496912732
0.015628963765553536
0.014713122826790954
0.007680562770376962
0.02147522299687157
0.014078063344985644
0.016497026474513635
0.028086993691783278
0.01851401997952603
0.009272803063426182
0.016701205028412505
0.01659320494593356
0.017195225312769846
0.028972822326248704
0.027250350794843812
0.00711272780528012
0.011657022973646992
0.005009785130939678
0.0034605868144854156
0.011354739954888095
0.01626635397819473
0.002780125915123827
0.008743618557189126
0.006037981205932651
0.027243871017521258
0.0022223373281561967
0.02394656018191853
0.03249799196400695
0.024005023800456427
0.02129284384113527
0.02154068060082827
0.02783277410350811
0.014335641512809107
0.04142987593562684
0.02258271754498615
0.01600880514790702
0.014755615842069827
0.01277548321193516
0.009289953626700457
0.024797515856643373
0.01547702803021079
0.027399749226497808
0.018836680358969172
0.03343795655602797
0.004149256072251326
0.029024416940391064
0.04066981312661394
0.005293998163468389
0.0043789055790266745
0.01597031009223396
0.015562269847962912
0.00855202491050378
0.039288557753412404
0.014043567116187651
0.008834277453321443
0.015186402559472104
0.017435864169420716
0.01685944328721269
0.020192286895654953
0.011224488390791033
0.01340976875347062
0.027548575695720553
0.018842639509140068
0.014490477831637554
0.018922775885644103
0.02383768020950754
0.01858546479327993
0.040127098198389506
0.027866022554969467
0.023175741556656047
0.009865832600730358
0.010322377283777823
0.01971386051698051
0.018903741273870896
0.03580077981592008
0.02514115824344103
0.009892620549859185
0.023260501618110493
0.020226121111929844
0.009763947086674905
0.01554203442971346
0.020059402673614734
0.01649190226367103
0.024549956166322724
0.016945982377124975
0.009078205412668275
0.023422428182082584
0.010571690430746974
0.0188355478963047
0.031255196392662485
0.016769121141594116
0.008522440293077116
0.015229533125467765
0.015080757089267927
0.015136250488688677
0.030179320861938436
0.025381045514274718
0.007983811409605893
0.010194775777356013
0.008381216390227708
0.007708545888708985
0.0122135116315264
0.014363019691301628
0.005499550009555809
0.017458078170338277
0.011507304871275255
0.01957973272490312
0.030634780707885025
0.03697590685469595
0.033101949184208425
0.04976924217908334
0.031165526634332398
0.009715517110919083
0.054370369933785606
0.04538761285186328
0.051920498216238696
0.05200314989945031
0.0545306927126937
0.041047850936218475
0.06200653654254312
0.04091261002428762
0.04592872750497477
0.032544481375051025
0.03434247142058353
0.04068026793052213
0.05321836894110656
0.03735749010991977
0.03311334987863873
0.04950318557020479
0.04946676790805654
0.040187467199431545
0.03136460459315001
0.028703082842239505
0.03860338490845898
0.027256981859064455
0.03331808513542948
0.028013427939569645
0.028705086357212292
0.02315411321479949
0.03778036472664798
0.03755024682162773
0.0339071038863766
0.04780861689558158
0.03343922295154686
0.018759730330234602
0.033459124029322815
0.019667644645978657
0.022487528262851424
0.03315237348369155
0.03525618141591386
0.0221880075419873
0.03354152931177331
0.025816339893804986
0.042243060010178114
0.02408830981104307
0.033577865730966196
0.00865879859086731
0.007641282638872431
0.009932544429695838
0.024469819612564645
0.00838754443821994
0.029968499072944715
0.029420615234222666
0.021934484272005113
0.01572864585784946
0.016035449406941484
0.023452447939181994
0.014466887760099372
0.03822931571355685
0.02181603622585751
0.011261564741560781
0.016320115733211862
0.013528238396219376
0.0047130132697581276
0.019953718529252294
0.01503698112201149
0.006283447364781946
0.02487211702695515
0.010241406618908603
0.016191017649775714
0.03926924779059438
0.035886250788624216
0.07884286925265525
0.08458520891700474
0.08105496991639777
0.09435487272312948
0.07934987139540453
0.05747569322878103
0.0977884588659777
0.08987331458724063
0.09923602020407683
0.09925833940977871
0.10018243211449589
0.08826406238054268
0.1037444146446393
0.0850071347628083
0.09335216632441905
0.078577831041247
0.08088282777550762
0.0885487885369553
0.09966330276075076
0.08339710733097641
0.0813295120325263
0.0936737030928903
0.09760274969215788
0.08625459179820467
0.04831218850675713
0.07048700430248259
0.08742893368796881
0.031998444593054294
0.023590224272657657
0.03815359692910463
0.007780872331172274
0.03363730957557368
0.043977095769593376
0.0027436436578645086
0.008372059916486109
0.020013210627121344
0.019576798649546652
0.011139733157438266
0.044093387536654434
0.009725288565003293
0.01183695767862651
0.019965485046909523
0.02128819856204183
0.021044779907169922
0.024979979848728056
0.014726876828918012
0.017615848166121897
0.03224695855331932
0.004968407910623244
0.029040240784854704
0.01615037821090586
0.052573549906919405
0.026081791229345043
0.0296649292695371
0.09545713365713422
0.0202230815154391
0.02340312565237921
0.014472821834266127
0.03863783436825764
0.01870585171511403
0.03841139756067261
0.04400762542099481
0.03751044475839843
0.027147265340211914
0.027583613488599723
0.036640462170042166
0.0067212809247090225
0.052404538893235104
0.037771554610852874
0.024809283148125288
0.03167530040278059
0.029326713272401654
0.02040955896140004
0.03259865497932508
0.03106254110942307
0.017864200665935664
0.03981945514731089
0.017612842102065072
0.031154944821478
0.04611244560323854
0.05104570273270981
0.016306866921718028
0.0935452914996014
0.04468722363317279
0.014570379917695884
0.014974054303977033
0.011630778326194342
0.029867458881062802
0.013429769386568454
0.03539191334119465
0.03459671575118959
0.028175519576072464
0.017996451101169937
0.018418705048188752
0.02733433424560219
0.01011125262312573
0.04306637038866992
0.028756876726046075
0.015605149324761118
0.023826214194504744
0.021018372074653
0.01106488878142102
0.02333061882502164
0.02227367340069765
0.01181187223519233
0.030530483381013905
0.008822552350802761
0.022820826276631942
0.04428565799049952
0.04341145132237627
0.007525630372243049
0.09243110101272603
0.03528203467306654
0.01014799437281816
0.018478085281304395
0.009661235282862583
0.023849895038857122
0.01031424091685754
0.019820233890120872
0.03502478520553693
0.014503359820154412
0.007497841021710901
0.009820423556310296
0.00962377130925666
0.010406810012792297
0.029395591691102955
0.02339380577154729
0.009645743601598696
0.0063688820224445586
0.012270024925202263
0.010086557669883039
0.010284067482223163
0.008904151531870979
0.007391649127383182
0.01815757025923991
0.009946686355613578
0.015788934812383273
0.006740663273332876
0.04440995064850384
0.027988285053010466
0.014979493563886245
0.09077173242752623
0.014697795845551484
0.030237506031671923
0.02078244575474329
0.02010341493848687
0.01129419085495125
0.02580748673693905
0.00762179151614527
0.02163569306193037
0.035809394450227225
0.012740125422355779
0.005868304669715866
0.011122325764751036
0.010860859379930735
0.009712670984094769
0.03151304376187035
0.02159406973043053
0.008519406687689898
0.00798291621559889
0.012558023135012928
0.011014115293645524
0.012498276988970658
0.00909606229828546
0.007974772384884362
0.020001165163968583
0.00787768080531205
0.01780037215015465
0.0055867809827989485
0.04499284589006247
0.027007338166202644
0.017133714724006013
0.09098552087164696
0.012816606867338588
0.03209097515240988
0.02294994944876371
0.0029127040138168963
0.015730972736479085
0.011362257073969657
0.01658181211070963
0.022276044279905944
0.015755265215625945
0.03700645666737491
0.02720550323219228
0.021607796266721234
0.010559912028870138
0.010958226046673371
0.019722420605812457
0.017945957757069374
0.03549005787525544
0.023052646258962615
0.00815018945281577
0.020273260179064112
0.017425202184511306
0.007085067763514822
0.01573974604992893
0.017546304570166354
0.013564555805127776
0.023330796491879642
0.0041413215347777576
0.016735197802150412
0.04623466610175986
0.03955200106550263
0.007602688868077936
0.09442650997365183
0.028092394920045016
0.016936789642176243
0.008211102231993901
0.014192386318034498
0.01598143774030194
0.01823494951663447
0.009959377989760645
0.024456123094883937
0.010175958056813048
0.019853587728205953
0.032582003576543
0.014342495686960641
0.005502627696348884
0.013790375955667228
0.013584358084962972
0.012771939906670084
0.031040350963591697
0.02321329973486102
0.005915371763086338
0.009876009951511706
0.009317848076872836
0.007859099733259324
0.012202216532518186
0.012269694763134853
0.004508467808282411
0.018507410311644046
0.00929756489571602
0.019226453300302707
0.005048129064199256
0.0418132371628246
0.024016336367781915
0.016622267390406537
0.08755448522353404
0.0137846809704465
0.03244223365805187
0.02320177557484546
0.003974377542536933
0.003983750819203836
0.01723570614052564
0.03432155048839309
0.027823435733609393
0.041479790084088114
0.016886127486982625
0.03626523175756856
0.0396892599514755
0.015398753580246258
0.014661219923737612
0.03027778450377787
0.029907530414598826
0.02308747130938089
0.04924504285586815
0.018143655426217178
0.013327285473153165
0.028121535394281517
0.021315369326168145
0.02278357148266011
0.03098047449606452
0.025906437715750054
0.02027290870107131
0.035541198678910486
0.01482092722442203
0.03776951778432202
0.020279965193499224
0.04698043620775456
0.015566937028622005
0.03514237340652069
0.08605324093762162
0.01267304066814379
0.051034522559729706
0.04203768222542561
0.02198586628665548
0.020206245179694767
0.035943648073224775
0.018892357584966643
0.02242392096171618
0.01359722002230291
0.02797493912734066
0.006479568777984717
0.023876050899271
0.037943550149239176
0.010437962977466015
0.005009254347532189
0.01092180951142583
0.010580611667966916
0.007474748187660241
0.03341272159230426
0.01930073514096077
0.008971930636120755
0.009275096276426484
0.014605829955817372
0.01310847966104513
0.014354751178490178
0.007658836989569634
0.009887208625311306
0.02223344725468107
0.005981969387015326
0.018741178543326624
0.008009380171847436
0.047141411052177645
0.027682679023101092
0.01905775310498425
0.09280281944559206
0.010792868509599192
0.033899227229972496
0.02455158051720303
0.004212314060417356
0.002624937343938782
0.017423263626629458
0.005445473805330465
0.01947494719944301
0.01029378444126015
0.0021850323811416802
0.01573383204165442
0.0173718229450047
0.011756560008793975
0.029025377349189686
0.02307660796953002
0.015011281901657262
0.013901380114348971
0.014004214966466241
0.018669215561150237
0.02204808816130831
0.03194655292439722
0.014590565370322457
0.007716557530225474
0.009975986143546904
0.0074783743058627165
0.004984633308973146
0.01609107027715547
0.008169450566876535
0.009977422737120436
0.018091051394572046
0.013807453997764278
0.008147786256677128
0.03833637900392101
0.029378196203986132
0.008147387581914195
0.08594903617930444
0.022961773716667095
0.023310590194769658
0.015014520731885968
0.009026868775949007
0.01035386860838725
0.010433925478165131
0.009738887477427554
0.027760986280602626
0.012757236423162543
0.02465447479726134
0.025054816808724914
0.020122619993205318
0.03757713584960035
0.023278336765980314
0.0447152211847397
0.04184302410134282
0.03681237714561654
0.0236076192026673
0.024070513696837246
0.033526786934880454
0.013243341274011411
0.049645434499726825
0.038146055401571004
0.023462626599312697
0.03406270490879345
0.031191252840827143
0.020749180855057975
0.029335938568020397
0.03210239120311395
0.021914171285043277
0.038464177730657946
0.013983002547350475
0.0320962285499747
0.05315941092445503
0.05366269214667351
0.01785008758189942
0.10094599134549266
0.04301082872074465
0.009340981605448717
0.010388510933732987
0.02932062781436383
0.03138621852122597
0.015576889476617548
0.032342632788497756
0.05120027893121928
0.032583723097348034
0.02480207321049497
0.01163732040530238
0.006846893949175468
0.013968040287792607
0.021117166909974536
0.011867739953232783
0.03254381356294609
0.02585784592062391
0.018954886806402654
0.011728082228871771
0.012021072040254002
0.01950517494127638
0.017873089954789406
0.03456682101084678
0.019566806921644583
0.007382029971261203
0.01581862923377086
0.012797550268479127
0.0020658817665773405
0.01593167970953932
0.013374906602261375
0.009741897293632206
0.021526294777633556
0.007911232590097041
0.013955167639850415
0.041982213280774235
0.035218035452783604
0.004043754641222744
0.08998147082194388
0.026306603607688373
0.018804347555118325
0.00925641371434579
0.011652909722053942
0.013880034099620542
0.005335923098223175
0.013948440498741742
0.032807676474561266
0.015593771869633264
0.006735778415236831
0.01873296993044525
0.02422703397982796
0.02880334522422129
0.01718433977642703
0.045085209606477605
0.02227192835024348
0.03999699515156763
0.05002609388313796
0.043260416935917145
0.033126442376225064
0.03356887843517136
0.0427022566275886
0.007724941348274386
0.05850747461793066
0.04323607191433803
0.030982588464843593
0.036623523101469005
0.03427947449559633
0.025889334618669244
0.03863534462153719
0.036322896812366855
0.022027973091037722
0.04585314300256143
0.023380338990434058
0.03723599655686912
0.04710640623507403
0.055529457936744124
0.02144905882062018
0.09334422129919885
0.050637862869129024
0.007623965180268936
0.01544377953525081
0.03601809644440161
0.03814932770792904
0.023294040179095053
0.03804459967756068
0.05654986936170453
0.039893307216967044
0.029141259819128598
0.012675943613209261
0.024365475725151044
0.02928799524834885
0.020431580905203046
0.03400591134160117
0.008576814859692085
0.03048408680857763
0.0456701795200324
0.008101674823010626
0.010740952264839254
0.010993744236536242
0.010530849742366295
0.0010745765043230877
0.03805826671070308
0.015044071060523282
0.01559902447543584
0.013456682133004496
0.02238093716431145
0.020763506267652537
0.01982481748755096
0.005265424871183144
0.017587026219866082
0.028658019169548472
0.008077340812256095
0.020784792368178536
0.015511699876805249
0.05491367210619703
0.033636661811877896
0.02438473962860421
0.10034330715161553
0.010293694917351166
0.03768206838778677
0.02836963609235907
0.011018178294995821
0.010147306556229545
0.020756827587342534
0.013115084167806433
0.022433814942806052
0.007798437211738684
0.019421031039825443
0.03460136343920354
0.02045922925933099
0.04374882291905372
0.0131343680232347
0.008946293423843083
0.01446586448126214
0.02218012560878084
0.013105536516496116
0.034288263543835545
0.026798770240287522
0.02039954305512266
0.011330605319151936
0.011682999099927812
0.019898831629216244
0.017162072145287578
0.03536208143927202
0.021344530805279753
0.007952338150345984
0.017934172895939803
0.014912834167297299
0.004176322775369147
0.016090495926244442
0.015362986393982501
0.010972835250297708
0.022689542792400957
0.005916054866536953
0.01565894891346811
0.04367772902387681
0.037302696738437995
0.004770660584588292
0.09175787107091803
0.027435958431962393
0.017572982744899036
0.007849080553316491
0.012959541326447862
0.015169491363444903
0.003692317669746189
0.015606730178885494
0.03449908776385214
0.01671090364418045
0.008658665299692947
0.016823428118828726
0.0021321712392310095
0.023232465934363757
0.020898924577217173
0.016512698463455513
0.021521437113003767
0.009550381099275725
0.03865511563700194
0.014551255606180116
0.03329246232604436
0.04372800468213693
0.03639534725449322
0.02800743068490966
0.028416545325107585
0.03705224676850602
0.0
0.05242899184983946
0.03598673632072264
0.024911804523875408
0.029007532733179436
0.02675073140133266
0.019116447414624458
0.033169883291087686
0.028972822326248704
0.014335641512809107
0.039288557753412404
0.018903741273870896
0.030179320861938436
0.041047850936218475
0.04780861689558158
0.014466887760099372
0.08826406238054268
0.044093387536654434
0.0067212809247090225
0.01011125262312573
0.029395591691102955
0.03151304376187035
0.017945957757069374
0.031040350963591697
0.04924504285586815
0.03341272159230426
0.02204808816130831
0.013243341274011411
0.017873089954789406
0.007724941348274386
0.03805826671070308
0.017162072145287578
0.01881699449072199
0.01193227066123688
0.021126572688682108
0.017988118416017863
0.019205195922235112
0.039193396933875406
0.021856315657262
0.01733899407536312
0.004654715613540122
0.005037396723630046
0.013962201069493427
0.02340292642147358
0.029936800662188817
0.01975110205774966
0.004616556561143527
0.01956381917642623
0.016620353964554472
0.008115378717106606
0.009885703971625552
0.01560463350407934
0.017080914160718375
0.01853021634928698
0.006042615267888852
0.014775851640361205
0.048691782804877945
0.03760491031362018
0.01125001540759179
0.09641123162407139
0.02299772991596176
0.022839570110303135
0.013463331563519008
0.010154422868203608
0.012077546232879408
0.006215842116350327
0.013886231038206876
0.0319923316687938
0.012777736105379568
0.011003244705133948
0.02001887846725994
0.007358938679561338
0.02875301169498374
0.015017600288532643
0.006710432635706926
0.02340292642147358
0.027956600314321886
0.01907393733629133
0.033133558603948905
0.00483812743147169
0.02937849834355651
0.04375905354165531
0.007830126544815866
0.009068826335921924
0.012014512441396478
0.01158262987472253
0.004445686972005701
0.037701622627994334
0.015395093013323723
0.013684519096473384
0.012803166682407347
0.02035766169597003
0.019135062057235502
0.019211163717186015
0.0069566165546829485
0.015935209401374825
0.027577889360744418
0.006205304785318272
0.02126892531050418
0.012806930600174453
0.052777750905740606
0.03147153258939985
0.023805792602746
0.09810163343970932
0.009425073310237595
0.03725085323832142
0.028301292838464154
0.010048634173945211
0.008184320789286992
0.020438925180508764
0.011584793623999418
0.02071430442143536
0.00630279870917774
0.017821777978679933
0.03510479945028093
0.02005033833073324
0.04366305127319047
0.0042521889787627155
0.020713112648797247
0.037701622627994334
0.015425382962227162
0.01325850432788394
0.007378944875428488
0.020394509947472394
0.0156043351928659
0.01527184126249935
0.025902974034823775
0.020733500377947404
0.011521366852213251
0.018595515294983784
0.018523836304265615
0.019559576380814073
0.02833329544860462
0.029360605151870063
0.008759701439254445
0.0130058873534328
0.002850028380270796
0.002619470951253346
0.011879733286493034
0.01852105122058118
0.003071017080332601
0.01442074919473766
0.015506240026213619
0.02104357573287407
0.005728762687140658
0.035036934295822844
0.021557385817157725
0.01496247651580986
0.08130242743621813
0.019711566839740777
0.030489853609822756
0.022351598051210782
0.009724816180404883
0.009956535815093905
0.018061546520126887
0.007084081055487338
0.021297616282123726
0.012168968036749694
0.007829598072228449
0.03239961837814754
0.013917645148307617
0.03581159021019554
0.019959347768694808
0.01597983621226118
0.02833329544860462
0.01707863390165227
0.017868564972790938
0.017601870602913013
0.025536129952213358
0.018591152850149742
0.04162569737384691
0.017572876993336175
0.00837316796520919
0.046774019569385344
0.03746422755274558
0.040213415720123644
0.04038409824357233
0.04478505523975779
0.026280183694641922
0.05528871395232134
0.03385036656454974
0.03440358141791682
0.024298618877125342
0.024937911388509135
0.02829971027306381
0.0426323656872358
0.02836409966445726
0.019666145908612327
0.04162163633229777
0.03612813924930162
0.03117446805170325
0.014768852934244382
0.03394264617642129
0.02594170038826385
0.06252431684443685
0.04556654755065742
0.03147482007614841
0.030055156837873385
0.03438564308007878
0.03553160993225752
0.03309443118921274
0.032782318046801484
0.04350363615734281
0.03785588096810247
0.026950825742708566
0.03851987000016061
0.029212132100122724
0.032475798583541604
0.04538293969524284
0.030617860615928156
0.026280183694641922
0.036392820081071295
0.043630821795549515
0.026163321474804702
0.023996427156681994
0.015244827662014335
0.028694138570403396
0.0076908894779236054
0.025298681870258986
0.04130032024774641
0.012705044627661114
0.010411317738706618
0.008284559138751698
0.00794317817184584
0.006612216673756597
0.03285247066669257
0.020565333633339684
0.014235032643909558
0.008156733981091822
0.018428849803717624
0.01674107222180181
0.014860329862637271
0.005499129684712119
0.014045047220460101
0.023363908306290846
0.009602332534510245
0.016632626485064576
0.010547319427282254
0.05043791308910242
0.032560417608611794
0.019265619857245044
0.0967772601416866
0.013923983969940918
0.03217420073757758
0.023460593192794987
0.007547367571791227
0.006295582993604236
0.015473307775556671
0.010253849155671329
0.02393052555387419
0.005847169271425514
0.013731717026934076
0.030321829015316416
0.015505991327857713
0.03872054246368943
0.0072688495139894005
0.016041822619943892
0.03285247066669257
0.010979222910651317
0.005173156637983232
0.015666477155646785
0.04033312938248286
0.019207247546504158
0.010453002157107576
0.024815285801870077
0.009395452399167125
0.02063097053195833
0.0350650169056983
0.013486595227372385
0.006168361087111081
0.010814363302983451
0.010581143006920143
0.010189362455367045
0.030581519731897325
0.02240949659129685
0.008461779084341235
0.007638760114501062
0.01202148393685486
0.010107285113238334
0.011466309702924109
0.00923920414562726
0.00710892599621138
0.01904216186191967
0.008796970074317881
0.017112325562452003
0.006416445435237254
0.04439145051814917
0.026969344078946772
0.016135909358220932
0.09046693878659262
0.013532594882739788
0.031497823129615854
0.022070671209270115
0.0013342140418080904
0.002235089468819739
0.015505151346223569
0.0030972626190004793
0.02065857996682866
0.003371165540913748
0.00987717066219892
0.030654219238686616
0.012905971429815337
0.03726794732418086
0.01068712296665501
0.014261164729920244
0.030581519731897325
0.011433958729408424
0.009543677320173
0.00955144263826065
0.034738926892861434
0.0076889626139281676
0.012452510432140218
0.00416149979558683
0.01850733639612838
0.015311898265921303
0.013971272139648837
0.02899575546379154
0.020060304731204553
0.011451414395104442
0.01392473166528271
0.013912155290305608
0.01673901566041407
0.02532247351454877
0.028984837675443843
0.01072757486166178
0.008411583213175403
0.007613389089173947
0.004656023169854194
0.007187512674678049
0.01482322026385453
0.004179239057602728
0.01256898187651374
0.015076171585460825
0.016023180786943456
0.006529502694756602
0.038464375424524834
0.02624643925131967
0.011090211566256867
0.08537638048854204
0.019692364674070664
0.027153996552854543
0.018171066013004836
0.00634179000764333
0.00799500798309778
0.013475700869168182
0.005948786698755558
0.024052527258645522
0.010134374043062147
0.004679189070478361
0.027928482179911427
0.009197602298436537
0.03251241689534138
0.017359638570778622
0.011186082805536585
0.02532247351454877
0.012016426748946093
0.016078139843825043
0.005390238358162137
0.02805793713773365
0.013028640852681185
0.006852167563481029
0.023416452094078374
0.014656551966388145
0.027825411680684607
0.00961532088028285
0.024516260151249743
0.041109269184466286
0.01281369735735133
0.010224320209085423
0.00603552757679115
0.005631314514549945
0.005401034017880691
0.03182083828996872
0.020906311164546262
0.014196846568719022
0.007117188831914171
0.01837057891543888
0.016248306748385496
0.013636397819538938
0.002868883062683136
0.013564005563310798
0.022599255827890363
0.009958766741235315
0.015110349504443829
0.011512158106593902
0.05048203004191916
0.03294140645183928
0.018142610733685983
0.09693589300777666
0.014143242119315924
0.03153710347011966
0.02223481560357017
0.00623102796394681
0.00634104000490203
0.01460897789695294
0.0096422504488919
0.024426691204475305
0.005319244908606811
0.013536042488742527
0.029072074279064303
0.01420738749052498
0.03765337809052766
0.00634024250648724
0.014673070661759213
0.03182083828996872
0.0091416341246882
0.006489414627033893
0.01571689400807132
0.04005822830897281
0.0037955934407117716
0.006598518872069621
0.012189900967796426
0.01051993174609673
0.002160312991927083
0.01560220984219893
0.017707678594152038
0.011693639186646744
0.02951324473422398
0.022723884887277238
0.014721560290137983
0.012943248163514155
0.013057767154645518
0.01803141599755717
0.0217338336198972
0.03163752996083342
0.014516241357724181
0.007135814290327289
0.010441928562315891
0.00744121798983996
0.003464574907636393
0.015314621528337846
0.007982106762911082
0.009913760546464244
0.017908148211063273
0.012841118513406052
0.009149271158200207
0.03900581687260227
0.02976007853995061
0.0073638507202492464
0.08656540698711634
0.022688972552942877
0.023321906612794596
0.014349672678130088
0.008282255299307109
0.010250189574093635
0.010018337716413165
0.009330397971052392
0.027836493200907315
0.012374420860381699
0.002595101723149002
0.024164376305128774
0.005503976958041978
0.028797203335332134
0.018815402738067203
0.007568360712670461
0.0217338336198972
0.009905930526563123
0.01775751455308431
0.0084342542103614
0.02745611388161765
0.013825504747802716
0.009249560414338926
0.0038725591455742885
0.012912358579954358
0.0380082610941664
0.04418496916267877
0.04039600399933068
0.05602264620623603
0.03862479260477581
0.01767323119243658
0.06081239310722735
0.05204622949206098
0.05912659620618596
0.0591986592275558
0.061420448533891794
0.048000255436063996
0.06812860034446498
0.047482073375006456
0.05302078265119934
0.03943309485563704
0.04148704302417704
0.048040172309827434
0.06026306080341284
0.044373639434080556
0.040504820178776796
0.05599715406872364
0.056790942107083624
0.046729235529592926
0.00825792870529506
0.03831935939984891
0.04666355464457098
0.041826016516427415
0.05890170404900107
0.052722094504416894
0.05156928713016328
0.051467448565005784
0.051790539066576755
0.05337447260597169
0.04874859712299893
0.05245641681365733
0.053969906753907775
0.04536650143220072
0.06024393126564931
0.049348208474594785
0.05372599285971406
0.06175954289500155
0.05103777612586984
0.048000255436063996
0.05597815305023682
0.059329984141487574
0.04188746829703852
0.02204368840270258
0.057101637511111254
0.05139004294644873
0.04566413672923118
0.05746729532753394
0.046274479461404595
0.005602605243941815
0.014035316242553912
0.003221719408710591
0.03250807319273496
0.0037264152495384926
0.02149197661652964
0.037738273565644076
0.0290445007079521
0.026530922870744333
0.02680035144191296
0.03325048432880644
0.012672769319941272
0.04666968438706383
0.027182929800171708
0.021418485208831457
0.018568236217968593
0.017113977630968353
0.014619611034464672
0.03019715045262515
0.020168171680436185
0.005452871342045246
0.032747060335352754
0.020775856404339245
0.022456302927724884
0.030132523035849533
0.035968059040533074
0.010991321862376566
0.07818957658805215
0.037363178190440396
0.017575867507514997
0.014264237084663676
0.023497957605662836
0.02532524409997176
0.018145207539376294
0.023579073247107812
0.039756244840785916
0.02756853924164515
0.015319799324712577
0.02322326352757462
0.014835756507273638
0.020211690171657016
0.03407236932846115
0.01574780187631599
0.012672769319941272
0.02218168077295787
0.03300005664710967
0.018832439741522742
0.015819503666996863
0.028805798392553733
0.024333166410516503
0.017696458246478492
0.028033750940116415
0.015314233071801842
0.03751285769495873
0.01838948538383323
0.019359845662367908
0.025092233907617695
0.02775999022921254
0.02018424504061088
0.014812933710125691
0.03182727836824784
0.023120201289762814
0.03278152383327567
0.03272852739869673
0.033076138971325615
0.03460389584427234
0.03930972738474414
0.018434678044774968
0.027115061112692882
0.011593077385637727
0.014302995251331883
0.024024135132339287
0.03258568436716266
0.016374461921903616
0.020985973267095073
0.027138382069229944
0.03377965649898146
0.01932817517837672
0.022700199113498194
0.015021936570188407
0.025112870355120887
0.06716918679498758
0.029925569554846286
0.03846884483560279
0.03230752230822733
0.02375119518157681
0.0238243620819993
0.030607601529162434
0.02043119666216913
0.02496609655372394
0.025653245740350408
0.020531431080288282
0.04266072646547919
0.025931091265321428
0.04226519888762955
0.03328583097676253
0.028031828847227
0.03460389584427234
0.030809728153597865
0.031093230015184804
0.014354463380439778
0.019248936192067034
0.029729633108067043
0.02336638314530639
0.018945989282525826
0.02984500224270205
0.021126689348066285
0.029156441494122595
0.022139603327152108
0.013372383189029882
0.011443403557534752
0.019675708717265455
0.020446674194598294
0.015514530456565243
0.024773334687172927
0.027296062861938603
0.019154292378010238
0.023199347629631734
0.02321995333202927
0.0255441689763316
0.02723733563206927
0.035467281386947797
0.016895331304410285
0.017151351832091336
0.010382591395661505
0.011259245014236
0.015495755631824652
0.024087517133844268
0.012651970289445147
0.01483957814139077
0.022109005974368875
0.02348728163581534
0.01097525434183021
0.032824675313158753
0.025612227019902383
0.01677877664155222
0.07946134940421797
0.026428435366546658
0.02847199306703287
0.02302080628963896
0.016759530899127188
0.016302502300422187
0.019522427875339875
0.015363357020320715
0.02744828294578407
0.01885477834328638
0.010823725655485176
0.03252192544193869
0.01694725040398838
0.034392461855216626
0.02601346053013734
0.018629373118188325
0.02723733563206927
0.02102757128182505
0.022957210611622737
0.009859165081398003
0.023862262010236057
0.019821156948254065
0.016892992684568772
0.012755029785135073
0.02129495310654897
0.013153279980009196
0.03867778034233739
0.018126286557192933
0.016134549229501634
0.021948411422625907
0.014766119478259091
0.028916123550920318
0.009280270024930067
0.02392682539230044
0.03249051712930209
0.013722081539263374
0.0058037815122231095
0.019490811415496426
0.019225102273289066
0.015913851996773302
0.036268094574089624
0.021613730741956806
0.003278190964774705
0.015699123768081892
0.00998004440113662
0.01077006548994677
0.018099420762238697
0.01681517198001827
0.007963617907760689
0.022885983146157595
0.008870591831450792
0.02541983545119782
0.006699883326496442
0.041014354196957536
0.019067457736184547
0.022181473513737705
0.08518388575224976
0.012128737834761791
0.037661776492364366
0.02905064016153708
0.010221481149337934
0.008371717418488495
0.023002786072817076
0.006819182024230208
0.013607035338304489
0.009202281451038515
0.014390817887503866
0.038376881504612326
0.01994030922545596
0.04348580689403577
0.01585385940914411
0.021688294146131763
0.036268094574089624
0.020068046567607016
0.013137399749410741
0.008754945864330923
0.034049935206831486
0.013520161330434348
0.009097663172017267
0.011334896314190815
0.014350596124191919
0.01487417684815412
0.04727902661080756
0.027534230684883726
0.01865147325823855
0.015149667485244005
0.03980202654294495
0.0432697004071053
0.039369911950754594
0.0524217526120959
0.040263595900213306
0.04416480396909048
0.060026869491704014
0.053593365747617895
0.051515867054065106
0.051720317178651366
0.05656826222758492
0.04049567483031511
0.06713455686824273
0.05215982537279156
0.046909002257003
0.04547376001000594
0.04592875311964835
0.04461654540353776
0.05427007827845711
0.04775311732009305
0.04026245218430516
0.05544853623181822
0.04718118015265837
0.045295504770802644
0.046122322443135584
0.05695988368423488
0.042671131903680895
0.08463215991727197
0.059711374481845415
0.038616034791866295
0.043037954653809087
0.04991541161030968
0.04953812148255389
0.04370922242370843
0.04994809340712456
0.0610917535215563
0.05194946157258311
0.04238311366123491
0.0463216244594464
0.044572058963641505
0.04260728721587106
0.05719214090928554
0.044844598238642605
0.04049567483031511
0.048622472362327876
0.05396613265159978
0.04513847288750184
0.0396826081994036
0.04995714889262731
0.050459162267010096
0.04642083857834602
0.05219095887403922
0.04463630079157015
0.047231576285546646
0.039304932471358044
0.04618937424123587
0.03553407301724389
0.04991232617141803
