1653 total distances; order of display is:
Walt Whitman (3) whitman = data(1:3);
William Carlos Williams (6) williams = data(4:9);
Wallace Stevens (15) stevens = data(10:24);
Anne Sexton (6) sexton = data(25:30);
Sylvia Plath (10) plath = data(31:40);
Robert Pinsky (0) pinsky = data(41:40);
Ezra Pound (1) pound = data(41:41);
Edna St. Vincent Millay (15) millay = data(42:56);
Allen Ginsberg (0) ginsberg = data(57:56);
Louise Gluck (15) gluck = data(57:71);
Robert Frost (21) frost = data(72:92);
Thomas Stearns Eliot (1) eliot = data(93:93);
Emily Dickinson (3) dickinson = data(94:96);
Edward Estlin Cummings (1) cummings = data(97:97);
Elizabeth Bishop (6) bishop = data(98:103);
Tracy K Smith (1) smith = data(104:104);
Inter-poet distances (1549) (105:1653);
0.13853440797605904
0.13482822883343987
0.11613575889257136
0.2603530135571719
0.2329794725654217
0.1355101699442774
0.17049038350867438
0.17147456086621188
0.17387223663184498
0.1304171076071606
0.16964496678988863
0.12633895913142565
0.20112370870632246
0.1841979214006967
0.21130327181970682
0.13628862354488835
0.09215042581223651
0.15449992909839205
0.16813972627587043
0.1674884281512861
0.09951359119148738
0.14299222935328953
0.1736026612244323
0.11042857370363257
0.1462662595905052
0.1659575288785194
0.14885614734567099
0.1832504434055739
0.17197563455225348
0.11300999864068025
0.14044499494676632
0.12108521932295535
0.10633745620789284
0.09141929075431961
0.0998774056646697
0.08546426935446096
0.1396484741493588
0.23001553422718546
0.1667607643903116
0.1754957770738142
0.2884154246994628
0.23244100918008903
0.2128831173719009
0.17547819522191235
0.25226119093847627
0.16798311814508407
0.10129581020741989
0.2455307086130895
0.20015111396099375
0.1254228025244092
0.13458527755855182
0.2055012838676847
0.1728534189869608
0.02424523144487849
0.09845740783457757
0.11959872572205228
0.13568681627138318
0.15347826949525925
0.13028366274330974
0.1832594138510385
0.14925398295499462
0.1782186252555458
0.13231709744733508
0.1717933836496407
0.13051965918526667
0.1875195490385861
0.14114544464083684
0.17071849870247177
0.17332133653647508
0.2074097341899454
0.13910760265863917
0.07900130144469789
0.18361765166387736
0.16634048698718168
0.10565475421374937
0.08866585142599788
0.13351204975481282
0.11524322691040846
0.09051237473393103
0.15791736474518883
0.0707663175166353
0.11586143254905498
0.0930632926181226
0.1309624060794724
0.1087337385102547
0.11038889239800488
0.07769232961948204
0.10100885869959773
0.17976746640254837
0.1300765798890556
0.1326626313908055
0.11047858895023013
0.11541635291743951
0.18151782864215604
0.09550679183049889
0.20855014672109864
0.18984475443446747
0.05988708491400632
0.09997967041727701
0.11043872770905372
0.08505340870984261
0.1084136428916841
0.10412268396465857
0.16499033617214307
0.2349152252464983
0.27060589979253447
0.2829684101981292
0.17219922513303876
0.14112326243505235
0.1374120460246277
0.1328710656962159
0.16652696433811065
0.17432936809888017
0.19327808393070284
0.19558739433963204
0.21665152539825425
0.18330848491965698
0.1492129480763453
0.15866548311609674
0.30438267594333923
0.1549539005427897
0.20092849251241937
0.24976167682661338
0.13835738634976721
0.12634123508249212
0.1065746896337676
0.2335939252889596
0.10912926557841934
0.15563716771299455
0.16751107776478996
0.1678416338217323
0.1778007245689375
0.15754274027249965
0.24633567989380947
0.1691246621039551
0.20013131316123814
0.19951605289636729
0.17852124502824046
0.18576336089790824
0.2117168281390381
0.18425283839524623
0.18327610063523184
0.15962265691801408
0.17637101721207762
0.1325744456973915
0.11411498069524939
0.12177522770772531
0.23917538576950692
0.11484984119641002
0.1331158606861667
0.17531397812490396
0.1529351426348166
0.1250607101976161
0.10621073939198934
0.2524820510221684
0.09360433006616986
0.13925688882062331
0.15982105018130757
0.14584911120947638
0.16738351107987975
0.15977355871114443
0.27713049306768806
0.20655360453411137
0.21140807676198453
0.22954014373512738
0.19305982257952337
0.16215982943720006
0.1340370356851322
0.23321161040019533
0.17295534774307883
0.1781048515631916
0.16020332267459367
0.12132552937530625
0.10485156898305552
0.2738805575231738
0.15004978316013953
0.1947742591394139
0.22048745217324697
0.12387302506721813
0.10588955262227623
0.13481102433816464
0.20165788684850727
0.12881502230511588
0.1288517011349234
0.14542245772497678
0.13695959783847877
0.11733993157662956
0.25450469415218785
0.14895389502881898
0.17629074043787188
0.16254653716590398
0.19296212262544693
0.12279524522631385
0.14768307534443004
0.20045485246652336
0.14253948273329983
0.09643782033487715
0.18218608096440977
0.15916036124131222
0.15292296882515888
0.289337251142871
0.15176504376357247
0.19634016218116163
0.16347136961651546
0.20388224674730313
0.12818113210434406
0.16789872463027736
0.24991098661696642
0.14913685862633427
0.12145088304851763
0.11980901878095179
0.12036409507794979
0.08763482208583448
0.24824847955999968
0.09934806401816167
0.13940996709421122
0.18364185000609903
0.14250919892225908
0.07703103155141797
0.14597998805405693
0.18134795317471772
0.10156198543550218
0.09116172080568886
0.16605373395118808
0.11657750557453203
0.11546251862214785
0.14182804966766813
0.16711383255334475
0.18322362994507574
0.13230754880345716
0.288529554502326
0.20970536646086702
0.23285370560319857
0.26044213679858214
0.18217644119762022
0.14591963140645467
0.16862724412791721
0.24522362959768854
0.1806070446418163
0.19031236589811976
0.15592254192827268
0.12650454863302368
0.1845053965609345
0.2141893973363015
0.1369838043819728
0.16867424579178975
0.10353424014983169
0.27672488476972323
0.17880305893995885
0.19583118417294906
0.22309534112717042
0.1908313751152338
0.12362221876331117
0.12784847108594805
0.24202175029515743
0.1543954706553649
0.1406418072869809
0.1369195051595671
0.13128317033030337
0.1340221051403763
0.15470978963836662
0.12135900012044783
0.15229509520377768
0.09916724782146548
0.24109267152041483
0.14957030530928556
0.169522932900858
0.2051260823722168
0.1594177162114564
0.09694803157397504
0.12751041737189955
0.1899804904212937
0.1286000681006093
0.12441153868953957
0.13314098475027714
0.1135950352460933
0.13593950566987076
0.1717299031026407
0.15471577142039278
0.17353946438927192
0.16787980166364228
0.26555037204223164
0.14667813615437783
0.1552725351134138
0.1727001617263667
0.21052513838267892
0.1411730743129313
0.1743120597837203
0.22724745491137466
0.16319372799830265
0.12522606434072808
0.20344040953727566
0.1944538573929366
0.11909905357667176
0.1330662309264876
0.15947246503415824
0.14239631778870623
0.13682943599659475
0.2964735368468238
0.11448890231401426
0.14831999950743702
0.19047378967146952
0.1826627684727444
0.1288627980786549
0.18177080804777576
0.22609098640421674
0.13614033395027444
0.10127977345444937
0.1986165525507851
0.17233360774379342
0.11732959191769453
0.11681001228643172
0.12108584306988583
0.2265333674635941
0.16584616981909883
0.16630891935306663
0.09159871696802994
0.30291122845310997
0.27494628703829105
0.31020535764954504
0.2780714771372608
0.3101081069578984
0.31067463731199685
0.288622836971297
0.2965872663106391
0.28511549460595115
0.2656810905101657
0.2842923596124296
0.2605733189316089
0.29631848334443894
0.2525883812922359
0.28011438339217726
0.29880917122158773
0.3141329883425945
0.3077201692642706
0.32437366521190963
0.318623118073266
0.29911765066426704
0.322272199505917
0.3234877264769519
0.19942173856084688
0.1770101516910982
0.17299529466882144
0.2669823235117546
0.20589558273306793
0.26115393573906187
0.21358061110533885
0.21666354649432493
0.1556078535604972
0.15774264213028918
0.258351485129573
0.19138890019119023
0.18067787022472312
0.1780549912152385
0.16155531981829144
0.14771018496387256
0.17141376694280702
0.1745483603181594
0.1908500884514899
0.16634083636769773
0.17997024463684885
0.18200562963088987
0.19675833833767079
0.18648941626353238
0.21166435313861567
0.20773181672757976
0.29788903259192634
0.2141025690244326
0.23091033954055726
0.1959297803729115
0.2528429792484824
0.19343666462858958
0.18075074677468503
0.2815062729896334
0.21511712557301593
0.18854816307909483
0.18834413159047758
0.22529683231721823
0.15228428988344642
0.1476012722033547
0.19526765828693254
0.24530120355004442
0.1880403220765591
0.2143334180260655
0.1260390175454458
0.1698126709286543
0.3195308458708582
0.16855934904656367
0.20974294079606964
0.22745862431674746
0.20259787127756904
0.30186876814365526
0.26107041044391627
0.2811564664704078
0.26629443193588703
0.23179337615292084
0.20420330989628174
0.2070755616886168
0.28152077482409116
0.22465423191122208
0.23496394038569166
0.1729269386176128
0.1973047881221875
0.20326503785170774
0.22452620804493117
0.2062277785915886
0.16597648218323607
0.17569704119335477
0.1791322558417278
0.25838854560995633
0.2600632506583839
0.32018556591913216
0.19949907656402055
0.15635422406617625
0.15259965415802176
0.13597105647604327
0.3132757688042832
0.1872253270635865
0.21538464652117276
0.2455285161218651
0.16321573107497514
0.15581448660397879
0.15679059505855772
0.23502114510392014
0.17053989664178976
0.16754008963759737
0.11705818157206549
0.12177215774659284
0.16470936949650442
0.17968807279496538
0.13893887178497327
0.14374461500915028
0.14449087894176493
0.1361510133660109
0.21617298696494064
0.19469334639158858
0.3271814523146295
0.1886464340942596
0.18146278552254283
0.18662276502597314
0.15728236700652948
0.3094159218397042
0.2289965271144817
0.25822797632797245
0.2755548685414553
0.1857602844859483
0.1741475106920947
0.17828185362173163
0.2500214182503748
0.2022664220896315
0.20548132480640519
0.14938694697157892
0.1298846149209693
0.19616794127686044
0.2257694634629483
0.16506451317923077
0.10460768327423009
0.1512245561601862
0.14004226400162303
0.2554850988244811
0.24681303504054852
0.33699644484223273
0.19159016326631245
0.20256713495297135
0.15497952992254763
0.14252932799199378
0.3143819545980261
0.17931910295434486
0.24175608712709584
0.25420262128808296
0.12240867364331966
0.145326263188318
0.15013167047383202
0.2256789922828584
0.1544477623750464
0.16281514204346212
0.1779477507612651
0.11043690962885257
0.17978512783363357
0.19384828149814126
0.14742916150002044
0.15907783915499774
0.1709864853928621
0.15795804739760383
0.23649321481589214
0.20981460087064946
0.3019286411041312
0.18458170298196905
0.15606894882710443
0.14667946131935153
0.13220476220003788
0.303719921503084
0.18340150015678516
0.21557883572219969
0.2349999367708352
0.16224197754084652
0.15036912253841575
0.14918303319997359
0.22821508666626292
0.1690763228692125
0.16086994558830256
0.11580725183368529
0.11489524414170804
0.15652298921263363
0.17346004266637224
0.13693168137519335
0.14334938172108302
0.14304784858662536
0.1339228251928981
0.21195192791521286
0.19344428013228152
0.31990586633908585
0.17688874621920606
0.16974852605224522
0.14759785968966574
0.15502209458801297
0.274144549546013
0.10731991249412322
0.13751079150389584
0.16505485284252175
0.1920368735295556
0.1429610422017376
0.1878566812520836
0.19032958107181808
0.1449521224437291
0.0946606022593896
0.21792851764682972
0.18214564569750186
0.12133548949433291
0.14501245027835793
0.1295601157861949
0.24117570046980344
0.19398298874864645
0.18331662468804813
0.10950307795803693
0.09937997553840644
0.3245228777204433
0.20695042605897693
0.18165599138198776
0.2819204926827828
0.2033872114410859
0.24908496979707787
0.21068508386872742
0.1983282913729354
0.1624420742164628
0.16681812474252436
0.1413432360728617
0.26287804494783906
0.17689374871764024
0.1995341148818774
0.23233483153562715
0.1873050735925484
0.13556859246229383
0.1703377329599588
0.2028856493069605
0.15482669847329636
0.15302636760353797
0.1689339169233266
0.14410890526353326
0.15698294899455315
0.20134857333746684
0.1202961790089416
0.13483395983768584
0.14388226367486406
0.10701768683836038
0.20670807244793774
0.19801698709322801
0.3141799227949563
0.20152936065639768
0.24569995083088123
0.2023936388634722
0.15098852631172788
0.14583707095401344
0.16103067534403764
0.15087487237027475
0.19871275269449695
0.2046761801581214
0.16700487400313188
0.15083947335831865
0.28812823577000546
0.20141836986047107
0.25229062491690096
0.23663926869886145
0.19479383557831573
0.14639520097059217
0.17138831997087264
0.2474338934068927
0.18100796997295607
0.17586666230011117
0.17106591838143284
0.13013524175768143
0.17574341135717358
0.1866671291960179
0.15348297282959478
0.13842337085036896
0.1559909186578543
0.14092731985531434
0.23525869466745425
0.22355868791662786
0.3163768686140065
0.16473074489024037
0.24227472996546973
0.19536260551778906
0.1358423676434546
0.12636062153170768
0.1416405261946042
0.12545887037956646
0.22644019518411998
0.18013371488208166
0.19317824564891334
0.14284556780047653
0.2993707547112573
0.20981081987913566
0.2462329718733605
0.24991802598940133
0.21133375268873078
0.15033940186533215
0.1558969567943095
0.2740885827034672
0.1961494384611085
0.18711388940775806
0.1500388771356662
0.1490328056073394
0.17388375070650827
0.18624793407303558
0.1491185876081542
0.10833209281400229
0.10025667378113652
0.1300399890425815
0.21200326064259464
0.21117303164602885
0.33417011908992034
0.16069885982005427
0.20433763443209016
0.1647593250429448
0.1408886367532401
0.13240178914555056
0.17185858320290914
0.1380297836780317
0.23148381021480974
0.26138139143297967
0.24783576965128465
0.21113460655308444
0.34238991005980285
0.2646207754725169
0.31479832015786247
0.30946243379417293
0.25164319063842455
0.21514121856345317
0.21419363098165442
0.31093600666636784
0.24256280552729628
0.237209524068644
0.21197423142211322
0.1973030996882772
0.23514545132808035
0.24877124081309238
0.21777711168848723
0.1733231425010716
0.18434894585338107
0.17721196482930765
0.2956638127534768
0.2722698547059024
0.3651026018857486
0.21660400311768768
0.3029399439586432
0.2188939908427182
0.19833073027306342
0.17141120427786055
0.19885957034658838
0.19656819410924653
0.2964384951081923
0.15147207892967454
0.19268911960394267
0.14726525571256183
0.26501326563776617
0.17247747397684715
0.19057492476461918
0.2227996907615828
0.1903322580926277
0.11661560949152916
0.1332715992602452
0.23799037597395223
0.1450501432539964
0.15499675178427688
0.15951296191854542
0.1574239998377669
0.16286341809732158
0.17114053494305145
0.12598362969114438
0.14766372378058049
0.10260807534136843
0.10293295650196227
0.1778516110801981
0.17266900905119842
0.32200146722793305
0.18738497462064896
0.20794604701909022
0.19108264853404533
0.16171767319985736
0.17480885586659706
0.1785097357133276
0.16446968658450148
0.2013225827658111
0.18604100248162642
0.19142372795026003
0.14918917357197245
0.2935923536959843
0.16412901521886003
0.19781243514768612
0.2563998269079369
0.12319618074364277
0.1268575750862548
0.1718455494268223
0.22334985675767938
0.15100590186525753
0.16835971735795818
0.19965511632989918
0.13617595014260658
0.19167826877213312
0.2076732734874495
0.12236657341221216
0.13962071520158995
0.15330498220230343
0.12008796996824125
0.21932011677300603
0.20027876376174675
0.33696263491637946
0.23213402806700592
0.27156291323647375
0.21140031587725505
0.16222284076953206
0.16586820697768076
0.15067389012797258
0.16576703567307624
0.21234988440537875
0.2243396524763501
0.21434403954500783
0.15689589428918346
0.3347946202219257
0.22395866600559294
0.2764228035829033
0.29174207452564727
0.1911977135337026
0.16790528794025109
0.1762060982100858
0.2809246041466723
0.19908012094427419
0.20042707877715785
0.1951069480539506
0.13537362623469815
0.20392340809284082
0.21860723454710546
0.1718445522292654
0.10927927967154016
0.14043388150272623
0.14615068249536486
0.26017594417961476
0.24435134472270165
0.3472232776461481
0.19884965689768
0.2709940659029881
0.20085904226074308
0.15797429994225418
0.12382048101245928
0.13111636608396285
0.15668593405448955
0.25744728146175955
0.1513691883699598
0.12999176996464654
0.1305271183621039
0.14877488505696834
0.1583746999691013
0.1452875521098028
0.19365496018982806
0.17511293524955163
0.12055514445176356
0.305782334143666
0.18051864561835568
0.2283349267310564
0.2577374590172762
0.16700357639722313
0.13785662980073984
0.16253548107943727
0.2360561930483925
0.1610918314902634
0.15779988735446354
0.1856896445756413
0.10912914738757941
0.17208042670637935
0.19648806376408115
0.1278693148384386
0.10720819712864807
0.1280621859741031
0.12135540611597771
0.229805705291737
0.20727311229580073
0.3333497571131202
0.19568587833717443
0.26032341827598904
0.2090728234364626
0.1414011201317309
0.12341430806075454
0.11305305823571538
0.14070289154348947
0.21195379370118664
0.11353660145185072
0.1265095187420483
0.1393004365164015
0.15920393019042434
0.14764496089681484
0.12167870137955068
0.2320395847680233
0.22975135082322504
0.2099631972007588
0.299790187249856
0.2698124302158872
0.2823707207018835
0.3062789929488207
0.2240305947769742
0.21742332949081855
0.23366776234069545
0.24871009889141332
0.22372208549584352
0.2506401648393324
0.21175390072209102
0.17231295409299588
0.2547298029120536
0.2905551301328309
0.21652255326492068
0.16383947125735207
0.22470982996645839
0.18688696894438267
0.3176480931212521
0.3044606100631901
0.32202196975904107
0.25345924362986433
0.3311278950584097
0.22216858971562
0.18647258143764203
0.14068799092077638
0.18288643744592156
0.18436685926278024
0.30143997890478047
0.17990396643531267
0.18162479578065707
0.2300420272093645
0.2110136433386865
0.23463387708750352
0.20598793363774695
0.19984873080272053
0.16077476034209753
0.13179285257183937
0.3106601426962423
0.19970777753101362
0.24838229601791925
0.2622221403248358
0.16155962347900885
0.15400655950345613
0.1696480781614062
0.23476662469084714
0.1681856832091626
0.17361502391146655
0.16087636220888576
0.09429475150393786
0.18205264909657254
0.20372678285862214
0.1549378258317354
0.12323291928049514
0.15611058202596617
0.13744295806576295
0.25191346600523773
0.22584039827763372
0.3029279419723391
0.1863659049672533
0.2617011786406328
0.19037160838081413
0.11922059113488827
0.0991743147334723
0.09427851570388983
0.1128950874542809
0.2296571476635701
0.1433460859767626
0.11288397211738321
0.15661943457233984
0.16665758166312422
0.18228038152077833
0.15854064279246385
0.17793730086436324
0.14097956934824046
0.11409077658876891
0.29828482285589847
0.1642943366504553
0.21953786032240946
0.23868922797583494
0.12431637305675271
0.11984138525922318
0.15439275620407816
0.21546571137999943
0.14655003230435554
0.15011651571020693
0.16132694810854692
0.08739556206878159
0.15949742405024034
0.17805622163894694
0.11655467673565936
0.11786332989497574
0.1452548907132677
0.11969562662532975
0.22214647271270233
0.19448915554959945
0.31309645596191255
0.18080835719690672
0.2421557695291813
0.18828590924746266
0.10270653753388523
0.10387625565566495
0.08145498993142868
0.09739144423403555
0.19523465047369495
0.13796239505092991
0.11421724197376408
0.14856276828628182
0.17940106837321984
0.16354216233966298
0.12313447742201723
0.21282515888549747
0.20022351492836568
0.15988278412342
0.30302511114967634
0.2155974265808122
0.25331503637382563
0.28589431193695924
0.17392471788764016
0.16790586736160212
0.20013565292984548
0.22937384777366518
0.17966305384300113
0.20336236755768106
0.21592903040059816
0.14205918140987248
0.21340417956682436
0.2517446020157575
0.16527365722580706
0.1268817466530843
0.18036297721221495
0.1417658234523179
0.27858103870679474
0.25540903200137777
0.33374349130639175
0.2346678993134468
0.3123950893785437
0.22558126858749153
0.1767096365947158
0.13870463261888702
0.13799276102334568
0.17690080687339585
0.2538489832849226
0.13439232329366554
0.1564493363711621
0.18982762858366758
0.18151335711562736
0.18380748183199402
0.13468042789368617
0.23572679527010218
0.23265750473809896
0.17599052646098828
0.3512302709622437
0.24759154620969376
0.292303015470644
0.32129559018057324
0.20600427396321577
0.19167585081622163
0.2040452735451897
0.29411631968624663
0.22347899432168294
0.22793180704048024
0.21266132731155546
0.16762575662543427
0.23195999691367777
0.2546019016484574
0.18703913999226232
0.11626413632709742
0.16330522474008846
0.1562167784401101
0.28614597172758555
0.26834220462121045
0.374298205055873
0.2345162357526561
0.30380446135805866
0.21773482278123407
0.17059573713000434
0.12279338907274855
0.15714859614413126
0.17302685729034245
0.279795358307226
0.14915633131975906
0.14499323343034856
0.1488500346483745
0.14597940026768932
0.17404663997058487
0.14890332421842237
0.12893036935475918
0.12868250692269004
0.12730841402330176
0.2615431947873461
0.11278162074776354
0.12449143279445797
0.18231637757616412
0.15584782666575756
0.11692322832613089
0.14961101741587127
0.18607410680114964
0.10197118057825574
0.10186429384632269
0.15424368627425786
0.13624718587829593
0.13637345226548606
0.14996884915584427
0.11407613143863361
0.2021526747068731
0.16041282330227397
0.14344091743924328
0.1353156373742022
0.11598684007265163
0.2783009321489391
0.19591104690317074
0.17861592657378644
0.22843348222570864
0.15366703067206103
0.205146536500998
0.17017730246834095
0.15136730177411803
0.1183822954992501
0.1695720076125767
0.20291585334082252
0.199213841856847
0.2690493288856445
0.15452485561317078
0.17959073545863535
0.22650936426610938
0.18833932551589033
0.2468719905736941
0.18861118398782503
0.16634967865296837
0.22325743053457062
0.2491353248558612
0.14587273057616024
0.11700162210966306
0.07319153572629837
0.29233624199350194
0.13533813592942687
0.18473211182147267
0.22679582515768368
0.12529654673540863
0.10172398061707882
0.14271023983313305
0.2114385404974537
0.11635969819610989
0.11722363033513623
0.13490227135078803
0.08222236812733205
0.14133099599059099
0.1583280727331545
0.09399896180423906
0.12259604337426386
0.11750209231114936
0.09979946486161816
0.1822371409539341
0.15403328495028218
0.29739491867755047
0.17051214233270198
0.2103896536553752
0.18890454401572526
0.0987691916495365
0.12895145358728527
0.10410403134044387
0.09693098250678912
0.16770972010224452
0.13133167064092605
0.13436605093020557
0.14370735273372523
0.19863353569264583
0.14289487734322442
0.13123832905247912
0.13861072666993088
0.11005141124398529
0.18172202483286337
0.10021625219584679
0.08002942628272212
0.1458319766305145
0.1578794819687373
0.16204589374586026
0.15724767030151887
0.13315764773709615
0.26155615494992907
0.16055113346545546
0.2052294383301223
0.21792652684451458
0.14586974036992276
0.09339648875527945
0.11818664749265177
0.22165047536012525
0.12370188428826392
0.13830574440317717
0.1551613989762449
0.10464942458403119
0.1513640346145947
0.15849107390875128
0.11968511141087983
0.1388790940216603
0.11778013711679441
0.10387214799144612
0.1805040290947197
0.16990694795261496
0.28560823989949946
0.15372887649323091
0.2108260312265086
0.18142818613520562
0.14999618945452
0.15718334870057604
0.13177043926962267
0.14611352251255175
0.19508388715738378
0.1354959757739038
0.1326108100268633
0.14260633408566165
0.17481904328048398
0.10110788650430384
0.13072135891511089
0.13320699618349255
0.12703612166775663
0.20047654923589367
0.1377321094561786
0.12357371983408073
0.15526600440130056
0.16406615196402968
0.1476521776259322
0.11507393899441172
0.27059833344789525
0.2556867820565172
0.22272234206950509
0.3419441058365968
0.28973151155339505
0.34671880222849943
0.32202344154309864
0.25111208531708745
0.22360691305965957
0.22938813899347194
0.32512601822275494
0.2572212964088118
0.26698612482096
0.22496449875096233
0.1939253348926275
0.25463138782816164
0.26544301391161956
0.23341747516181954
0.16685224838112858
0.20754100073415882
0.21141589287071488
0.3070020475487296
0.3038373894151047
0.3343735189679886
0.18805809173726878
0.28829775895150833
0.20108056857643267
0.21630848623752696
0.16100093807311525
0.1862383438839103
0.20875907543898115
0.317379853138365
0.21636342484553384
0.16017086327065924
0.16836644954371346
0.17580282701083466
0.2260240214508256
0.2388305741830267
0.14738073426962392
0.17921195315663474
0.20329472214430022
0.1600788081143647
0.18242607995633225
0.19228887125949265
0.16925696013324112
0.27878412756406207
0.20592789825863408
0.16469836747821326
0.1602909719385641
0.15324049360951086
0.24499479655776077
0.16227197702541593
0.19899218094532997
0.188309748404147
0.17399864731272574
0.1140276315599065
0.11697092909681493
0.21698066779665945
0.11280560984916055
0.14057629187643014
0.13988577090923213
0.12505882881976804
0.15569580636871697
0.1472217123647854
0.13787663267234
0.16440289364414146
0.13955283152901643
0.1347727813174333
0.18229543730275555
0.1803355632665889
0.24684743688656935
0.15898992269953663
0.19292903218921625
0.19807016562201007
0.15894422584748416
0.17633159896820716
0.14889227519224293
0.15436133636676977
0.19047000949334422
0.15482632810175553
0.15402675399484742
0.1623211165572201
0.2110932192770145
0.12903270057927668
0.17091667473035807
0.16446581094465912
0.15358467142150095
0.21422737296185865
0.15565766175172105
0.1499017941671417
0.1881269685312273
0.20265780577267214
0.13682999126507006
0.12956920925950668
0.21020234378124067
0.21576499678908845
0.22561094188338826
0.31259443340463083
0.15183824093264942
0.1755323745168587
0.2126635794194591
0.20082034803241713
0.19381618699928801
0.22463109857252303
0.2271426018902096
0.19030491564424062
0.18775712249930196
0.2516935616306266
0.23973848928477492
0.22057824543346177
0.2084675234854299
0.19575983227495192
0.2833021389232484
0.24434946037887864
0.2325018306550411
0.1935246144758395
0.1725957629258487
0.3543264334501182
0.2824042449307109
0.2341262877163739
0.3071303844699134
0.24166681643997812
0.29602258520075886
0.24441334179041233
0.2420936553064726
0.16720919501737566
0.26009353764599424
0.2920118364747242
0.27177967145837867
0.34814087339116107
0.22863488892470443
0.23488527920800603
0.30041572923808885
0.26877600188340306
0.35337236637885966
0.28863010341804185
0.24840285664560866
0.3011965528333684
0.32221338079703404
0.16614518001227432
0.220168749162388
0.2364016531754315
0.3664660469117345
0.22566303871424265
0.2170504583984241
0.23888547895106982
0.23403762252221327
0.24754241329715324
0.19145627792165062
0.20684527792062493
0.1485967754273777
0.2744406660808575
0.1929505244579795
0.1886328084916523
0.2572814237541984
0.22165003759611418
0.18523993446129047
0.22947952043907982
0.2449583225903578
0.1892306048687363
0.16999846036993915
0.20890996681424528
0.27639057900299113
0.2136539757814153
0.227104171917722
0.15602468032595734
0.18967708072774614
0.33323542199282213
0.21686686249986514
0.15840940496330624
0.28043192203814465
0.25491115052447305
0.2926984581693682
0.27443494647383354
0.24686640349969569
0.18537212268817
0.2597317150531767
0.26900736100433587
0.23389660002811494
0.3247529337128344
0.20929363231025874
0.2747769687570499
0.298241798777347
0.2759405691395134
0.3580592239872469
0.294348721144363
0.27125919535845305
0.32967163455547277
0.3336679576200698
0.1876193103107494
0.24234827989811697
0.22800248698937411
0.3341748659428414
0.20168375650313777
0.12490855727767342
0.1400246182179432
0.11484458769185102
0.2336977642287791
0.12969211401073277
0.12119247931506724
0.1913492649609709
0.15934997891085792
0.10886728453130626
0.16753558365417745
0.14391650111332588
0.10345610031477637
0.10870788101828718
0.1764479230507214
0.13422939039371432
0.13914176343994264
0.18196063662710002
0.08742112563405759
0.1600261625057682
0.15037512714503182
0.10062650196535555
0.17999431324500154
0.15918689103947523
0.3006833676768618
0.22061127490201884
0.24299798756519106
0.23025662430859342
0.15958591533660924
0.17934120811477897
0.1688636801826524
0.159846113952423
0.14941858811488784
0.1113345604629616
0.1772308350651177
0.19248140217799092
0.23367846822604782
0.14799919827055974
0.13057165212356672
0.18981099615473798
0.13858680542155447
0.19391662809979293
0.16098061907201316
0.1360905887323038
0.14780053676616645
0.19803953625118895
0.12949812947719533
0.12048979897289186
0.14687138723963689
0.26787659746964093
0.15638540991625377
0.2134479299296094
0.2420833638893562
0.15486650950149083
0.14007500218905355
0.11947701420500877
0.24117326911599518
0.1226494261167917
0.14738417161456546
0.18687988519300985
0.1497821290888273
0.10612968355820797
0.17094483966367244
0.14312872731807702
0.10915307084428286
0.11037871578144606
0.18389938035015535
0.1240888286511651
0.14454968179544553
0.17816125958414636
0.0950278367212278
0.16101012053662056
0.16329167540705
0.10977062283078443
0.19723730598551223
0.16832134017677236
0.2999896592753804
0.21658850191451703
0.25206728974931425
0.22658852054753018
0.15819547124344072
0.17464071493298555
0.15180683125596503
0.1554514008388618
0.15624452393192642
0.1226774161919642
0.1621384680709195
0.19300332304936454
0.22359495960239947
0.16251180078735317
0.13051715291983612
0.18112582582841974
0.12881950611650658
0.18601712733829684
0.14163164234227116
0.11714467666865708
0.1374878827827519
0.19407301487320114
0.1414305081186466
0.11766846243330631
0.14584662309860216
0.25373531804275423
0.15530189071428888
0.2127124448207987
0.2451372028091494
0.1540051108076974
0.14516655424474556
0.09990297313052074
0.3005905102340873
0.14043664188807106
0.17197243407227103
0.24112792317628592
0.13663661251746864
0.11358249702732423
0.1609490710120177
0.21411433942538727
0.11647682640756592
0.1274257791692887
0.1781697548704834
0.12222459890686865
0.1482703882418026
0.17460233617338033
0.09803137753537502
0.1487914100776447
0.13275806763988957
0.11058430098537379
0.187303742892924
0.14832966902695802
0.3222427970523014
0.21343822651437772
0.24112730377313027
0.22851206724799214
0.14574700158209936
0.1693089365547173
0.13849725447421687
0.14971800938829757
0.17047516215275008
0.1182020056455501
0.16989386737544307
0.16875276921134846
0.21181082405049206
0.1268229475511725
0.10891129266991417
0.1483231092349554
0.108695316560495
0.21428737472232604
0.14110098966278098
0.11863405476166697
0.13786928914649035
0.1597463313608618
0.13949740947986503
0.09977156947495824
0.12676363307852212
0.24565855070307682
0.1544369799681137
0.21783076035079757
0.2578187752647048
0.11717004902447764
0.13076286220384684
0.11874651396851274
0.2691991037660919
0.11121796923620181
0.10214711359054825
0.2068140926777646
0.13854567006303772
0.11402029548295148
0.1693452949377537
0.17269336761385046
0.09517787299842748
0.11116100828429637
0.16507941304441628
0.1331061210471802
0.15159479904164339
0.16952525021822978
0.09534647159133929
0.17802996404838065
0.1529769606376545
0.12246869317219106
0.1542074499779771
0.12247944329233887
0.2989529720125062
0.22418702955656142
0.22037931411360445
0.2393856497579715
0.15662591323806616
0.19776955757797426
0.17366067264949453
0.16021543501949945
0.1373929824479159
0.14715419042895375
0.20496212098873456
0.19973790260623667
0.2584794228994721
0.15250211114564302
0.14392916237328446
0.20908657171747583
0.16364368009323968
0.22887932718118048
0.18055987702475249
0.15436248617346976
0.19172724319742043
0.22498632771081642
0.08932941225226075
0.11162519204609038
0.1512797842312046
0.28440156515909737
0.15468360204828863
0.17414853292448096
0.226015877446448
0.14739337659750654
0.14272250298269906
0.14392427040512634
0.23787523511133232
0.10119683598457675
0.112989633432277
0.14487641255244968
0.17557506994027203
0.11047083184754894
0.1503837180728167
0.16995749334965557
0.11798677757671179
0.08082748573729144
0.18397917762225946
0.15736283287697128
0.11286403610340884
0.13423130557248134
0.10764555190614991
0.20280460667361372
0.15584386133321304
0.13440074205611446
0.12257976742854142
0.10500897529649855
0.30152644100306675
0.20566891992612094
0.19294953714074622
0.2457529175027772
0.18477459047111658
0.2221103077027425
0.1957273587441746
0.18112885417895036
0.100946087123425
0.16409171513976364
0.20420715023884783
0.20560461986063372
0.2515876501738995
0.15587642559050177
0.17243612939588296
0.22979180810672098
0.182938059049348
0.2648047954461342
0.20464200177369207
0.1732615813852281
0.21997086915933556
0.24839002608589125
0.11770436293684403
0.1512180970042576
0.16052974293463076
0.29958022920970645
0.158014035927894
0.17801079312385534
0.18065759372106127
0.11167487481619146
0.12032767447831955
0.14153323825821262
0.11240142635849298
0.14086052970645338
0.16925927665514898
0.12261307768688083
0.2516302529652157
0.1686029083608457
0.176684968206644
0.23015761371840096
0.17972227016803494
0.12618041805201255
0.18040159407212725
0.2071464115016505
0.13629947751053348
0.15728044443563477
0.17227600874911164
0.12849865883956496
0.16977675800314182
0.20137313689979797
0.11401303885496959
0.11636041827583492
0.13018512614325525
0.08728252132497362
0.20942177083673894
0.19455927395706554
0.3109736698647885
0.2124598054621509
0.25440115778235
0.19770508104468915
0.16292800598457613
0.15928108614358283
0.18195102777555391
0.16530326766208675
0.2115724094128843
0.11902075320736476
0.1651828526549415
0.16086573344595245
0.20354944840471076
0.1364025294605301
0.12440466604663669
0.15516737779367326
0.13127011683399772
0.1741116633222261
0.15347070980036187
0.14206529655841496
0.1353568822167106
0.16894399848192
0.1700970220387781
0.1268746362298001
0.13223248346792427
0.23026262144246046
0.1517505111673633
0.256383105030334
0.2642128016582986
0.09965418620081844
0.11531985498231882
0.12191077209599023
0.1263638101139347
