1711 total distances; order of display is:
Walt Whitman (1653) whitman = data(1:1653);
Walt Whitman (atypical) (0) (atypical) = data(1654:1653);
Inter-poet distances (58) (1654:1711);
0.05778651486793761
0.114365690487797
0.123081317181118
0.08080373848125023
0.07759128924218685
0.10853758994519233
0.05597473708279416
0.06498053441941179
0.13132637770361813
0.09408841713779213
0.12177182883220496
0.0918900493243891
0.1458746285453215
0.1296165728344895
0.12140460651687104
0.07121052716031492
0.0928313348030284
0.10979976138226298
0.08388172805198857
0.07881342238090693
0.1474845959901641
0.07906413188992062
0.07539419083023026
0.09729911497401852
0.07358237908467807
0.09191842719438811
0.10795375103758287
0.09238194424766998
0.10803325070409192
0.08652610006888387
0.1258335595652367
0.07087287379569512
0.11209128816955952
0.1104237968085481
0.12628982526190805
0.08201395171747454
0.11487734279910598
0.11461313044544805
0.1285415423869552
0.07428859593229066
0.12135704360727698
0.15921411658650356
0.12096600466984392
0.09399557817558676
0.08906318907790016
0.13598006018393377
0.09781061194852607
0.14981965995831398
0.10909748584516153
0.1314395195586856
0.0886173985696045
0.14911389705177147
0.10380691960343738
0.06722682640950817
0.12842901378760677
0.1560658110683401
0.20090752536834197
0.1999999805787396
0.1881289404372644
0.1705763999063772
0.24786463676077142
0.17707603098505695
0.18754996868484508
0.21256621013532
0.1754777668580923
0.2517674395680065
0.10540292646511218
0.09599053926278893
0.13913427982861415
0.09958785708972918
0.093416477498608
0.12698603598791441
0.10495907764891009
0.08866991513582587
0.10682774610222742
0.11940045442098811
0.11270234526498542
0.20780295278434116
0.12864742675733093
0.09327975517997965
0.13290755792884393
0.10897554026545246
0.13336070701308506
0.10534814260390446
0.13267264441682125
0.10161535118981214
0.09320022968121065
0.13299758569699052
0.07609393002489094
0.24768457943104003
0.11645666830194727
0.11381853046964963
0.14591056573893196
0.1648287788055787
0.16543972936056806
0.13962032696040177
0.18087212891816046
0.1511568556169448
0.1600116099030181
0.18420528482075732
0.18360668297260396
0.2101744654629207
0.1519567175127722
0.1833951576935311
0.19361324564058346
0.07475934647729982
0.04535926039007975
0.14044969951897648
0.09031975286930774
0.07463917795606165
0.08167653094949583
0.10841951248681173
0.08336875840359587
0.09292108756118218
0.1334211380435932
0.09286175420338498
0.2154266367979791
0.09479182565845883
0.10292008338500161
0.16394082108741356
0.07287635163610684
0.036666918756654725
0.13138413089827616
0.0751407197691351
0.07109110230406801
0.0828444087067754
0.09714930372315116
0.07517436705629445
0.08105683669023346
0.1167052269866279
0.08432344495842765
0.21387393347310954
0.08559703145853718
0.09152746208669328
0.16450972651247658
0.030344048238676893
0.06547509053859513
0.07145979954111595
0.1382043304310075
0.10745987571298146
0.03356141146554129
0.12102386798345717
0.09339025178827123
0.09958699940233491
0.11570369079878944
0.1297114317349404
0.1308014728929115
0.16934170768636267
0.09550207094073156
0.13638222307966658
0.1319744206065099
0.08267868774511969
0.08144869350440238
0.09981141035443819
0.1404506654268675
0.1478770966824633
0.1330920925321665
0.10957133802774657
0.20148102749000907
0.08822291957125113
0.1432205732901679
0.17089521731478316
0.14689063892723617
0.20722933171626648
0.13718810091252098
0.15516762918133045
0.18945633552781188
0.11803439637689744
0.16201491484391722
0.15341255023375117
0.11596872684396162
0.06849946328681965
0.07974092485607237
0.1274398617785441
0.11295798444688336
0.08358295175190736
0.1354118705563988
0.09301576829811053
0.10345186850922383
0.1370383860945405
0.1373487252375066
0.1554433914395542
0.18128574113457216
0.12412164437367995
0.13411437357338307
0.10540311896701497
0.10725931167677366
0.09990052520555599
0.08091425587639059
0.10284901542356331
0.08329902784313759
0.11736558106751918
0.14798772632808113
0.1279720654270735
0.07846139500287115
0.17953579113628887
0.08938535878755521
0.131180757577225
0.1619959057787163
0.13972300413654823
0.1922505121980683
0.13774784267096482
0.14479797421885124
0.18200949150369547
0.12179492290273485
0.14020042658316315
0.133034637334149
0.08543641606700172
0.061734424875861456
0.08728273235249481
0.08539574619976996
0.1261392424677757
0.1413894475661594
0.1394890262343841
0.10223208333724186
0.1794161522115689
0.09843745003890084
0.1380056191557963
0.175126772492268
0.15876163658369297
0.20077757100166505
0.14758684216740633
0.1521491685192768
0.18814175436318478
0.10141150224505567
0.14591391989683625
0.1413892149735129
0.10349054254499714
0.07886463258297946
0.08086703136545645
0.06828512140577261
0.07847462397788602
0.12114335221506904
0.12624381923205272
0.11427293441978782
0.09608425138172766
0.18104759459821695
0.06866667054699623
0.12637007776475323
0.16196532761815413
0.13951214545393784
0.19187063659196396
0.14287831766312686
0.1414831660286339
0.17894029403207468
0.126933818999187
0.1393182260538905
0.1319105837165922
0.10599584919202812
0.0647298462881202
0.09648001545657611
0.06776292022977183
0.05587000989002087
0.06622284436842722
0.05733951383240806
0.13270328577089685
0.07371315984102066
0.04743958063116864
0.11278347174623754
0.09140530774224667
0.0874749381846348
0.08500807544105518
0.1025099926259156
0.10874820728949118
0.18497254301768484
0.09315657729908895
0.11792419808837912
0.1538851152605317
0.06111337086096785
0.05422086627357968
0.0623622753590924
0.12844964290673283
0.09917198150773979
0.10548140253814788
0.12603572547080302
0.1145295341483814
0.08519088453736276
0.07210575280435397
0.14769352997272991
0.10884533768967249
0.06681586159317417
0.10298264539382443
0.11376598259415706
0.0969985823135754
0.11642996859380146
0.14855540716869445
0.11841312873370834
0.20888639060003242
0.10212241468972645
0.1267164817621016
0.17530405923455977
0.053003096443329484
0.061569301479881336
0.07839174733711779
0.1632793356848343
0.11715868088872569
0.13258423600186953
0.14605003681049325
0.13954427627777924
0.07401314649750373
0.086599441139495
0.11201123163790262
0.11594170072670949
0.1199736559746
0.10042719789732545
0.16761137214818825
0.09397478466218995
0.11512714710899437
0.15972758857631325
0.14978834977725533
0.1848899732809831
0.17209342362995045
0.14435940504426303
0.16665425983930568
0.12689175344949347
0.13185008039897977
0.12757983088330688
0.10610694960527327
0.1040397012727483
0.08185938743076308
0.08600414922578666
0.07183657127546096
0.07553314229580749
0.11880972919227543
0.12706733751009408
0.12227194778670303
0.1587055558869214
0.16139451040318867
0.17073910379963228
0.1437185451826587
0.19892589909401373
0.1465003193768402
0.16123573485446419
0.20388590702948178
0.19544815266286203
0.22710336444791332
0.16573142785639872
0.18370853448869393
0.21249635118201837
0.10618623748926344
0.16992220912690856
0.1708767207391729
0.14179328888828518
0.12836479702240833
0.11618571561449535
0.12331981619682966
0.09276200341014454
0.11080278233097304
0.1632112933969645
0.17045759445454975
0.10410095555041483
0.12068464754890257
0.10273932211411863
0.15001707591724478
0.13175316591621625
0.11366071963058873
0.07885446889322684
0.14914882841344387
0.12466547102894206
0.12922897406622513
0.1622200786870412
0.12438719267337786
0.24060204741518096
0.1288732595064591
0.12870521743797977
0.17778214011634658
0.09013690049677191
0.0905427767323237
0.11927577187884938
0.19019730852009115
0.13486903830140462
0.1674753115259593
0.1701952913562736
0.17011495334807653
0.10250843285531029
0.09644489359415018
0.15462769904552687
0.18918855033692705
0.07882141807065082
0.05365237288764226
0.11716583086662127
0.07873523263068793
0.08523005427777049
0.08859973698438783
0.09906177389697886
0.06106757619888119
0.07377596761807997
0.1135601628690344
0.08090733159001297
0.21104880345687627
0.08728157595167202
0.08168651546637284
0.1620460110243579
0.05351555362663779
0.048220877938182416
0.088678929543247
0.1546331186054714
0.0978200875808063
0.13955423227953714
0.14090429810632693
0.13604415688955157
0.07387501874359578
0.07901156665182373
0.1206581918499454
0.167719363281578
0.10880131867341446
0.11028911078334952
0.07786370482919426
0.14704003123239215
0.12597097678799157
0.1123635506878407
0.062093073084358234
0.13630310275380864
0.09827212312187389
0.11329940152434485
0.15734931094807195
0.09376178500410359
0.24182881865343978
0.11012378626021904
0.09903195977605898
0.1772540306394531
0.06991889876271634
0.07038698918597834
0.1110805870091942
0.1921640911064527
0.11637789184517172
0.16927161367124877
0.16655372393422757
0.16895819797071135
0.10644066945433094
0.09297144983459855
0.15315711674772411
0.18605881870499685
0.09612652482405978
0.07070581800696527
0.09318701483764502
0.07101608982973259
0.12554344584139462
0.07678923343299257
0.10601437153656032
0.09935429194704505
0.10738132059308851
0.08965466688677884
0.0918743697693433
0.10700284615868803
0.0895229754437373
0.21302432240064262
0.09902327258151379
0.08416949017692776
0.1680190902002337
0.07757699005907051
0.0655488415170599
0.11269227099833942
0.1630810110833122
0.11422744825829893
0.15223686622545268
0.15056988162558613
0.13863810017926267
0.08846565514457615
0.10696596143114598
0.14057848106992263
0.18171471652212096
0.11017222390232208
0.07025871956788833
0.09015448703346905
0.07672101293050299
0.0766270988106492
0.12683016860990481
0.06671014306159542
0.07713867208216839
0.11848366706024005
0.10005544387211321
0.08239405876436516
0.0735691843742513
0.09873172171371529
0.10339467052984648
0.1697785520779086
0.10501534154190659
0.11809111697120343
0.15687844037835472
0.07887656021907721
0.07399461264845832
0.08405316001192588
0.1407293051883785
0.1203464628277307
0.12487406876400776
0.13808632085240113
0.12210035887201154
0.06104674962110309
0.08819281790401139
0.1280603029637512
0.164874106972569
0.1256054232260397
0.07843045789418797
0.118920866481634
0.09029417271366036
0.09284042513082869
0.062198256978044444
0.11244134271469221
0.07210759629527885
0.10833264573453026
0.08163633034228873
0.1129002537971373
0.07538442953390216
0.07361579338050625
0.10827198429011842
0.08250377752575237
0.2230388491431702
0.1075445889922325
0.07774889093408353
0.16325543836344972
0.07342471590651568
0.05916060835617834
0.11475336893775856
0.16594490678196583
0.10907216722673277
0.15473669464239556
0.1530916470204228
0.1439405686711654
0.08717082765837954
0.10863868058023443
0.13515914975562404
0.17781148771652355
0.100166165642696
0.06269335402113098
0.08134348759092486
0.06304751148183863
0.09038921187385039
0.0813540752189937
0.1083557270395263
0.12579213082987048
0.12762381828364094
0.08022692196084641
0.16096988443671198
0.08930922898442725
0.11653962680233702
0.15370127547639004
0.1431141958006835
0.17753699217382737
0.16139259147294668
0.1306219444930069
0.16308653821772023
0.11267166292952957
0.12865267484830184
0.12417334465172887
0.07996450942202761
0.07720769379021285
0.06996742182401511
0.05951859697883715
0.06976643396387423
0.07916664862698702
0.10427025637565818
0.1282376879492323
0.07713089188172854
0.10652475904349482
0.1494465744303262
0.12308599458321441
0.14992225945064133
0.13994750703487457
0.12643500091805457
0.13925154916516538
0.12592749439979933
0.155382047252493
0.15204208325550048
0.1298085432186325
0.14261787836065656
0.20277819415001283
0.1322107053198401
0.15175784255593455
0.1669844769850977
0.11657793371621114
0.20393844296795005
0.1320187297314984
0.1664827253172321
0.19004570996989723
0.12837034584839932
0.17888496053120265
0.16676346864689512
0.14369121096356735
0.10277469764951255
0.12559678106107325
0.11299965650061498
0.11447641024767144
0.10887232759965677
0.14211326278224803
0.18848960641945037
0.13162441064937178
0.14976717440784706
0.1878496852883017
0.16516470571118708
0.20009467207270357
0.14958334767085404
0.1452452238428879
0.16016635804611662
0.120671125658512
0.1497846967591867
0.16633925340804998
0.19676568731063412
0.20027367756085082
0.13948729583227465
0.1996872520767186
0.15897876557439164
0.17229177113550678
0.21948434863995364
0.2102398413294796
0.22785810558908293
0.20396343056988295
0.17265932244794424
0.21111851005865706
0.15795034455585608
0.17467739144587657
0.17710245316355205
0.13380651704592905
0.15087115057292824
0.12281442821744715
0.12796053173833452
0.13515714106603222
0.15521149419546001
0.16507535005307414
0.16743674960772567
0.13930177589868706
0.13715742635307476
0.19027386364659377
0.17209187415197993
0.17624385617760824
0.1961034252018252
0.19241118568904997
0.20115239691085307
0.10905611408231555
0.18690881389709652
0.03949454923702519
0.04864274531477705
0.1161702268301209
0.07465327005850515
0.05986359526769407
0.11136505189128139
0.08640926954472693
0.07635875877832655
0.09195772700498818
0.10409764166665472
0.11863450824478133
0.1660978403807831
0.10236403611954054
0.11626432243053882
0.11800877677802564
0.07040284736859842
0.06401526740855346
0.06273718200685326
0.11582131195789455
0.06789968476668785
0.09632372056632506
0.09446041277219477
0.0955076604076144
0.057439703698386746
0.08741033211235508
0.0919138504623794
0.1294218492731825
0.1150477292747588
0.06608915431833912
0.10026893371910944
0.08395880965613688
0.06446328926819095
0.0763057589934312
0.08989656445237512
0.12471785167832972
0.15646839381426467
0.07036945355266645
0.06493852718625183
0.11741205217209898
0.09972432372459396
0.09335074300450996
0.09200325216195351
0.09513399607831391
0.08019124465656068
0.1102448491466252
0.14265058957085916
0.11612970404952513
0.2034786190111117
0.10379058286961497
0.09608747883643434
0.13282047359881885
0.06953936934438726
0.06758481655680634
0.0970143990743365
0.14281423397176857
0.08574361581822527
0.13437415521206106
0.12603888450009243
0.12354381489379171
0.09534619504219884
0.09208568746364294
0.11498446426747803
0.14112675394728477
0.10979927298457624
0.06572793083150802
0.07596151439186977
0.08608839600290853
0.09847414381610173
0.07465786764326175
0.11438735665694535
0.1652604703015619
0.16171657033079329
0.07138991291478351
0.08741162014537589
0.10101495549212579
0.10659182378949011
0.09048838574353775
0.11389608387719685
0.136973417264703
0.11020299699071044
0.09298325285629888
0.11689795125126413
0.10490335696034789
0.13872716351357195
0.1647281985149056
0.12466822276102635
0.1255943607640132
0.12569428127950458
0.11684974724557336
0.110694737631276
0.11435261402677252
0.13277869040930826
0.10047279945743914
0.1284187445367214
0.11945405470631536
0.11351944248991942
0.11159654452226693
0.13427369955077167
0.11377345337823998
0.14159343863650894
0.14245245934935466
0.09938070402017353
0.12988553217920698
0.08812640762281267
0.10075226947633338
0.09738233218417927
0.11364439502693342
0.10873494143246823
0.18256488811228103
0.08449196239748148
0.09929110596596552
0.07087535099391122
0.048311940296478534
0.13469332994133157
0.08273585156288783
0.06614070003411464
0.10081684848441594
0.10323197800001488
0.07703809892938876
0.08748976104325906
0.11904694466357155
0.09617874457769064
0.19965592144374233
0.09082788704575571
0.10797778568181572
0.1641205333159219
0.03950641469226739
0.04242761390118592
0.07318925226549607
0.15208894546193732
0.10742204687852283
0.1283839509819779
0.13920655436684937
0.1293868012926551
0.0575139295983986
0.05543808471775257
0.12280717311660501
0.1619204423143864
0.10888231777485885
0.05689355246728271
0.08898368431302633
0.08607419921741456
0.06371239160607113
0.08073331032560004
0.11916398287716916
0.16995113856913444
0.1738640468223351
0.06258796990283498
0.07845424634417135
0.11007291795524941
0.07755806713470356
0.09374306544593422
0.12615197631729885
0.11706385730808089
0.07218461390716312
0.14135011257794045
0.09055980581394571
0.10184506359103751
0.14136308119094132
0.1432043810308101
0.15277862637733455
0.17685269630447092
0.10790127610459496
0.14187521231659442
0.14546283413018316
0.10053337002571751
0.09794790659556213
0.08040917984465154
0.12161104531207968
0.08986559903491992
0.09960115409386484
0.09512357563352204
0.09468580335575073
0.09702276649173439
0.08621982467487235
0.08858581407457092
0.1285026065270767
0.1347603797382986
0.09406355162912775
0.12058814329736352
0.11422683370894998
0.10794021413603487
0.12343651709883717
0.0855629141431004
0.15302569782607012
0.1365814738577047
0.08308674955944874
0.09424456399865608
0.10815559186132195
0.09071822824810463
0.07616530075874264
0.07765338756989625
0.10925290494161899
0.09063173015964957
0.08497506491662667
0.11218864688986306
0.09039770494592528
0.06901078514265094
0.09888535958958874
0.10430336316336167
0.11762255866418089
0.18347923826529997
0.0795838152487606
0.1050021014309615
0.14556175053974912
0.08728695045949782
0.0788712393270519
0.09261205211904135
0.13043861961668152
0.09948019018757967
0.1259030096116236
0.12648738767480341
0.11724142674500047
0.08113243107539968
0.10849775930202249
0.12584942937069477
0.15376823617059737
0.11620552103578421
0.07928583630403181
0.10304462315263103
0.08759159110911989
0.09218883928253707
0.08043031520172327
0.10412113761080477
0.14065404100409326
0.16129862238374726
0.07230451747188532
0.07477645893808806
0.09809199557000294
0.0838029781037736
0.09960418806063424
0.07496235918192291
0.08861402224796215
0.10799340377365772
0.08857208881271762
0.07477906170542578
0.13966195770403877
0.06718003569823147
0.08976371661097295
0.11768166483336183
0.10803559188787022
0.14545299711575516
0.16845861974116277
0.11284284909237054
0.1285151632076483
0.12609601498889186
0.11477255634669228
0.09928072355616424
0.08129364666533553
0.08215917370734739
0.06562282620104622
0.07521192478620013
0.09276801942337555
0.08255464975339562
0.08710352523806222
0.11882073644092456
0.083992821001685
0.13424263260109304
0.13826727406305225
0.0971537476656611
0.1319491853848323
0.11172094382832928
0.09847057278356486
0.10520200705394449
0.07037776379652227
0.1101166493132018
0.1432389795880468
0.0735955638695249
0.09607446105741926
0.09820556456474858
0.10577525164600454
0.08973819188681564
0.09052706123435841
0.1200830885835605
0.0993547534727226
0.13117347185384012
0.09710050358811444
0.13134439572583917
0.1293653742909261
0.11559211495273342
0.11346979437042656
0.12284747152076755
0.13878195891777517
0.11840309540849375
0.23950918055450077
0.11660086000789342
0.09266291442208237
0.19063836214520363
0.10634419577449306
0.093179061128086
0.13937962031285045
0.17704345147750264
0.12791781533022767
0.16994825037394887
0.16810625013512026
0.1501106036404156
0.12092578019694465
0.12404843687586892
0.1425693324113915
0.19190047259080048
0.13428882355627395
0.09111472787767617
0.10696222585916507
0.07129977012461026
0.12656015583051877
0.09082781147769074
0.15985203065844253
0.17347854589063508
0.2041444337077292
0.11619348366174247
0.09679520522592508
0.11526094562142397
0.11388175709273
0.1265027367210821
0.12012576029556489
0.12535324286673025
0.07185644111995008
0.05526470308488871
0.1303706611698826
0.0903207998199608
0.070661453053631
0.0978195937232204
0.08499687483363624
0.07592960314588512
0.10320408118221029
0.13115664830353185
0.10604693652832187
0.2034377360110442
0.08955340091483983
0.1040605048950673
0.16413131452177998
0.054362482025126765
0.04881557150163334
0.08067159527836121
0.14700355558273953
0.10058538541949998
0.12603382145069808
0.1332361077519324
0.12095868007556142
0.07592279357059814
0.06376507505306982
0.1197946588418507
0.16262785013753095
0.11510958040137619
0.05956309669739437
0.07433609818494437
0.08505925890888474
0.08329863306842908
0.08221904676052764
0.11926457006479409
0.17458222761374778
0.1635131493725502
0.07159453332178664
0.06279097348298451
0.11511236159856977
0.05329315183384286
0.08322675838799824
0.07996871051451813
0.09697228183114011
0.09944377078335669
0.09236110937921506
0.09526043556378867
0.1324926232051998
0.1307262589852646
0.10764395896763342
0.11194912899744652
0.11020454754772624
0.10302866935238136
0.14229973408249647
0.16543631578599804
0.138693549944682
0.20039973621496718
0.12305012393884804
0.11898321633005142
0.13138232292581437
0.09730631064020161
0.10254031242265682
0.10942474465090488
0.15188045424359564
0.10573298850858354
0.1432325761274033
0.13442636591946935
0.13467635095422242
0.11975691847086126
0.1121718141846014
0.13013044248326353
0.15000715814192028
0.13236783574878846
0.09930357374162249
0.09764783994399148
0.1072054850444391
0.12210467684202866
0.11107987893802142
0.12389444309772302
0.1780652195398505
0.15151074299875858
0.09900127184950812
0.06737705680600097
0.11998157076682285
0.10880449562786215
0.10769038436710202
0.09400807923211259
0.11802921962408275
0.12404259795459956
0.08513326741844449
0.06204625840463566
0.07327124143648667
0.1172186817724365
0.06617573482085745
0.07573806828771727
0.14259886534741498
0.07695089999696945
0.0895095029513816
0.10272543596428546
0.08234824856006057
0.14019477808290237
0.160635829061888
0.11816516653801179
0.1296501488192722
0.13532612175621925
0.10486991692275639
0.09118230144582318
0.08578549610740539
0.09759315336948883
0.07792499085986003
0.07999441290747941
0.1039605786938164
0.08860143940406925
0.07243731769068765
0.11689822684858314
0.09659241878986988
0.14659313437315133
0.14000755562085662
0.09673509127588925
0.13556010406436386
0.10104787389733941
0.08525066781174412
0.09584534136417103
0.0907872323668037
0.10211972941084674
0.16592517340957083
0.0608432942690242
0.10625254564421845
0.09297381446905016
0.09490930129590949
0.10806030513805394
0.09266382350343433
0.06197735681915953
0.12445332444423275
0.09889600834222417
0.1305480193268487
0.04889662154230194
0.06287284350783362
0.1336371706794306
0.10708633123548648
0.05050088663053034
0.10662533070425576
0.09279043793166424
0.09073782013763637
0.124060685825127
0.1441960530278535
0.13659575616968805
0.1798000260254761
0.10564925678895441
0.13491330666618262
0.12839499558830092
0.06159460288622509
0.06812292432434894
0.060542492538439324
0.12719222144505793
0.08341864351570732
0.09961182178284586
0.10305280335884794
0.10467434176508458
0.07057485697207104
0.058973730348198306
0.09888826724021953
0.1309317745232432
0.10066778841783208
0.08311975552076933
0.09463623590854414
0.10492028832302837
0.08862016625668476
0.10335732765817272
0.09343525071724172
0.15850961697641722
0.14143690449577567
0.06198821084244637
0.06934952934763987
0.11171230017771254
0.06515018963175521
0.07549668702035277
0.08770723315618406
0.0947930158640241
0.12830600851767213
0.06527700653089016
0.08690555664192447
0.09619635089326775
0.08472928720720742
0.12130822233125278
0.11174772199410953
0.10830914025268294
0.1102561734417139
0.1769618547854806
0.09417027899249002
0.11494652635222642
0.14833567837227518
0.12009252815509977
0.18246206884087438
0.13838808249549936
0.14246341436980256
0.16713884394033485
0.11149020979341322
0.1443865784199199
0.13597088669197843
0.11453315103742823
0.0835944754716271
0.08921976797423523
0.08776622038789512
0.07011072893269905
0.06560269980792446
0.12034832283838198
0.15097389935539918
0.0706989981225586
0.11249538415285018
0.16908296470025752
0.1269434709087255
0.1643799962567597
0.13156833506448273
0.12288280835455812
0.13299931775505022
0.08741344816542646
0.08667623757987583
0.15996827338964026
0.08989379728336247
0.12280414878286687
0.08569643271847227
0.13385305907041462
0.10421744156052642
0.11575968868457091
0.07998420514532852
0.14431763769369158
0.13100875425076555
0.13735250211303024
0.08397181528659027
0.11710226732855596
0.09815387038570814
0.12944563811553078
0.1443599318240362
0.14368695647731813
0.11573467301654114
0.1857916587365503
0.11252146939572169
0.14385819565648764
0.17791461681267792
0.15479993371843923
0.20564871627708878
0.15315821399049162
0.16398418755441896
0.18669468239766515
0.09395265387376044
0.15744834011655864
0.15010005324533932
0.11286953983393562
0.08132805164606652
0.07303405138351132
0.06917482900918331
0.05236089805896893
0.07822750037217178
0.1344031472283859
0.16176849691848086
0.07505284284998076
0.09935325804097452
0.17606514337638537
0.14756317836616703
0.1723379819795753
0.1556966598068587
0.15081524115794306
0.15461519157574796
0.06876858501195646
0.09976774242064664
0.12793594640085298
0.1024833217971567
0.13432942826342567
0.12017829128866005
0.15011401809156116
0.11577103694639052
0.13462315773604974
0.08837833261894866
0.1682495443975299
0.14557212725580057
0.14481054266111512
0.09649682760070477
0.12066038249469899
0.07034053701105422
0.0841084044816629
0.09392021374553651
0.12849021663692434
0.08959307812042644
0.06811322307184088
0.15643266837138922
0.07806729762158181
0.1078843437048418
0.11602973906994385
0.10264322439233113
0.14520181834223708
0.16682928159592347
0.11284119279089318
0.14033726968238386
0.15131870455127042
0.11654498155689473
0.10349806655179924
0.07289906519882133
0.09600023866560288
0.09243423791373973
0.07532748021218579
0.10762802588374402
0.09390608388932109
0.07359896401641981
0.11496368364421128
0.09836593601212956
0.155724949286601
0.14566402189070363
0.10522316780765324
0.1461088054599145
0.11619327754786948
0.09392920749128607
0.12324519895659222
0.08454417952379163
0.11260329066038889
0.15430213873262216
0.0820314936555686
0.12443677742941509
0.11596064994869383
0.10360254266272335
0.09866691887837938
0.1106388111195798
0.06582057627045305
0.1317448640333484
0.10873054106060505
0.14322310759189372
0.06194837683577054
0.10415717544936123
0.0951778804860168
0.10443384518683646
0.09662755404650722
0.13142763778080754
0.14468978372089028
0.14945171559549186
0.11335249934027372
0.18192077835688003
0.11358717571684257
0.1425837938430197
0.18052182302813138
0.1633391056722531
0.20741869120295647
0.14776421996112765
0.16613337652170213
0.19212841510700487
0.08437718918718085
0.1567948739620942
0.15233914588805111
0.11054246423252645
0.08368722820612735
0.07835085921891766
0.06971125476922918
0.046386216846218783
0.07885930266274073
0.13606634046646815
0.1606948782550495
0.07709236761683326
0.09362344884566787
0.17696523796620528
0.150014094166666
0.17049443931440653
0.16134969289264559
0.14928213281713282
0.15739135331529103
0.06804814358334373
0.11385703362566282
0.12586992401250313
0.10323640910623973
0.13207673654721508
0.12356596268607613
0.15038624934142306
0.11566183056371858
0.13395102111042606
0.09251032983671723
0.17838864345011315
0.14381038267708457
0.13633541254605014
0.1044140916506602
0.11450037199542208
0.07345654824785498
0.033985777244589774
0.11358635670065512
0.13206014034929578
0.16797958434015053
0.16768362256270047
0.18433406395506913
0.1547415622580993
0.2122389079008443
0.1516669208487513
0.1773685589564103
0.21671148379915817
0.20138861696666946
0.24324907073624413
0.16915772965104822
0.1984782790470741
0.22246981792054957
0.0872663743225697
0.18988800290562566
0.18736946914571206
0.1506361498579995
0.11405909550821947
0.10533650827340871
0.11296426064919045
0.07451889545282006
0.11070387599451728
0.17614131219303397
0.19321102419986166
0.10095137829159584
0.08084182163212049
0.2020235606228256
0.18203490562409233
0.19853160835848216
0.19341379361699093
0.18818362480488884
0.18843092758928723
0.1028016415168158
0.13608388646852007
0.13726148703397453
0.13929840790106898
0.15651076200023112
0.1481497494647947
0.1862250011574861
0.143611192495256
0.16708421288274325
0.13078059531696504
0.2018603139376505
0.18067695512177215
0.1627396671608649
0.14566109834798477
0.14658135912819267
0.10275402728236747
0.06215667044641691
0.15590887015113905
0.05860992163772519
0.11979741336328634
0.13392450064756506
0.12834165366542868
0.15777128274876567
0.1525562084394361
0.14334978521017777
0.14832621069784985
0.1398207852402751
0.17664926494690297
0.19123488829056157
0.18682045147741894
0.21239204482286336
0.17090254649867626
0.15996517270920016
0.1263344920897065
0.14647964871131747
0.14655570449643618
0.15222685077309123
0.17108522089450587
0.1132578674307931
0.1643200809685432
0.1303099587691439
0.14620653529164235
0.16521643325565344
0.1530701623990955
0.12137446360842913
0.13015900142514353
0.1502090914027322
0.13609583722429067
0.1372562303299176
0.14437519250771338
0.16246027774579574
0.13546934164404334
0.14534242795221805
0.17661699564418193
0.18200725433337359
0.12322899597528861
0.09907417712777397
0.12330750246700148
0.153257994511183
0.13287584289865323
0.1396788085176806
0.14033142066755216
0.1435518022078024
0.14039345789089233
0.11526470888557229
0.1506692552963206
0.12388087937776827
0.131146414082187
0.1348240759109419
0.17311581517843666
0.1327073168671444
0.129329112949965
0.08012435442853148
0.050751225575973134
0.1379660114667149
0.10523215638064733
0.06670061714657004
0.08984248064634374
0.10717685885919398
0.09007916079696011
0.10265331514815378
0.14346952557255535
0.10099081857454621
0.21325916707229073
0.09701391168800279
0.10354146791605558
0.16510235630639833
0.044122156788986316
0.05062253366400075
0.07264447692452126
0.15965365549368754
0.10774211112162398
0.13419261409523311
0.1462629783591591
0.14088798108019066
0.0723320387205863
0.04849392294445761
0.13154509677774773
0.1714566161003026
0.10170429419213987
0.06593551215657371
0.07827429925369783
0.09381122687081879
0.08559746775528647
0.09095082637810696
0.1224638720456772
0.18653702402624125
0.16869043332467304
0.07885586274699544
0.07505183369455358
0.12644551553612046
0.04815739978131514
0.08989302957045715
0.09170574542262909
0.11210577610453559
0.11594878219089742
0.05218166542303311
0.09506331313403461
0.10912645905335927
0.06209708479862923
0.1486059673937606
0.1571264834706981
0.11137894856853733
0.154775204713124
0.19071213474362556
0.148532475087278
0.09596082613544497
0.07602668133875515
0.16466032261501504
0.11562245931030972
0.07404713009736283
0.10916773090466023
0.12568131473735278
0.10569939850549533
0.1142151458712617
0.14768158747820842
0.1085988526589969
0.21170528847647935
0.10480772074376703
0.1252980534230296
0.18115334008107187
0.05413329721914174
0.06341225607312365
0.08022391625250937
0.1724238131751194
0.12726727214657382
0.14253422550155948
0.15689057840932571
0.15156302508796307
0.0732146016621407
0.04106031124988284
0.14374919255153473
0.18195169342071793
0.10749227359085904
0.08042599115751031
0.09436314333185042
0.10584070147788838
0.08578616964413123
0.11206530705604419
0.13996586323867813
0.19279999241590953
0.1741930971503749
0.09071350579175082
0.1030361940039424
0.14022259406606766
0.05307218505728451
0.09959793109837996
0.11158136405921074
0.12938117868927893
0.12936530696706144
0.06891272424308367
0.11629267471497047
0.12344187754644759
0.0729547948247258
0.15989226243525997
0.17145470340595412
0.11884619777835422
0.17059211383489667
0.20630946967140903
0.17210241912682248
0.05287271311952855
0.14811154914609778
0.17494434172348478
0.16976670019038614
0.17438123415870363
0.1567547108058773
0.20931629607457192
0.16736234377438924
0.17488663941280444
0.19540093076461873
0.16889925391056726
0.22463744821519102
0.1452128160124736
0.19704735502409076
0.21686280231064475
0.1252180987879101
0.1976047730496661
0.19152964649302975
0.14732497433071015
0.13777231666220022
0.12873882142680718
0.12366012640894405
0.11537268468668489
0.13776368477711984
0.16883943227112805
0.19759266962523378
0.12895074508346693
0.12371033562610684
0.20227854621697924
0.18190370959256733
0.2054309203805199
0.19099103352975483
0.16651499804922823
0.18836399954413907
0.12304223373146839
0.11037326108845946
0.1634641765838424
0.13876488024643358
0.1784906085570492
0.14063768975737986
0.18563903942846596
0.15991147731479632
0.17258802572545756
0.13059910154374146
0.2093838293701358
0.19200532286094307
0.19065426655300327
0.1370682179313017
0.1667746320865913
0.11580301931368583
0.09980485952326587
0.1404026326924106
0.10353278278352715
0.1100462531202751
0.16689568839328794
0.1988835807120417
0.20439636904539596
0.12587577453339066
0.16836680870807486
0.1728440420278081
0.17603022844906166
0.14166769137342547
0.214340381170178
0.12883652530326148
0.1721978217896323
0.21446575528263742
0.18778397624590784
0.24020143358965354
0.14787575911681358
0.18524308093158356
0.22346988608313245
0.11401025062584448
0.18815238055809813
0.18320383044445077
0.14163466748551307
0.09169977085642607
0.11134165368714145
0.09125120498569408
0.05727059318456012
0.08738461235387299
0.16810299315183777
0.1855689021410236
0.10574370420749518
0.10655087575852315
0.20608436398260727
0.18143611257865222
0.20341182757061177
0.187897942231419
0.17939642895021277
0.1933094076879358
0.10044327730042249
0.12231224127769687
0.13951107381025743
0.13802604150280853
0.16126717756856904
0.14978926835362474
0.18306151177420601
0.13453829533467263
0.1613418069031864
0.12286235927250395
0.19980245577451627
0.1728994232843184
0.16331805921508685
0.13666860942881473
0.1424659025447646
0.09919673269210297
0.06870131535565772
0.140977762728425
0.06579823727975787
0.06976608499435505
0.1490351346397745
0.18844531713535737
0.19830212187490473
0.1164762491915654
0.11240104824408767
0.111673667811907
0.1460509007952039
0.15354673742312921
0.11306814168281219
0.12545127546346393
0.14428571581529087
0.12358942031947104
0.16444007630534335
0.17434217526482376
0.16304373064244185
0.20125068261900148
0.13920423956345337
0.1494831291683632
0.1448395070533727
0.11607072334579871
0.12054413711615314
0.10820563945810195
0.17137557808820664
0.10700441923210606
0.14111703802231185
0.1351206877532681
0.14988755432484585
0.1303899821892448
0.11039320445678909
0.1207195478703635
0.13131144685561208
0.12285537372627352
0.1170544152216351
0.11030920092891257
0.13092933603806206
0.13682475549824863
0.13599967948409789
0.11901902872580856
0.17720764790779117
0.12421012522367374
0.1074642515018316
0.10398986881856037
0.13024117634254617
0.11600884881720133
0.10546684395252304
0.12031422819749464
0.12908316842075213
0.14576623086588494
0.11189850115157633
0.10397281262435089
0.13925247249464645
0.09607547409443208
0.14392945167977775
0.13573172877218118
0.1436280474846563
0.13456697868643805
0.15306368863828224
0.11481883001107783
0.10952715828679643
0.11868410978226997
0.1583499868197646
0.16266356244373342
